238 317 238 332 239 347 241 361 246 373 255 384 266 392 277 399 290 401 301 400 310 392 318 384 324 374 329 364 332 352 333 341 335 330 255 308 264 304 274 304 284 307 292 312 307 315 314 312 321 311 327 312 331 316 300 323 300 331 300 339 300 347 287 354 292 355 298 357 302 356 306 355 264 320 271 319 277 320 283 324 276 324 270 324 308 327 314 324 319 325 324 327 319 329 314 328 275 371 283 367 291 365 296 367 300 366 306 369 310 374 305 380 299 382 294 383 289 382 282 378 278 371 291 370 295 371 300 371 307 374 299 375 294 375 290 375 
300 347 330 343 
276.0 322.0 316.0 326.0 

237 317 236 332 237 347 240 361 245 374 253 385 264 393 276 400 288 403 299 401 308 394 317 385 323 375 328 364 331 352 332 340 334 329 255 308 264 304 274 305 283 308 290 313 306 315 313 313 320 311 326 312 329 316 298 324 298 332 298 340 298 348 285 355 290 356 296 358 300 357 304 357 264 322 270 320 276 321 281 325 275 325 269 325 307 327 313 325 318 325 322 328 318 330 313 329 273 372 281 368 289 366 293 368 298 368 304 371 308 375 303 381 297 383 292 384 287 383 280 380 277 373 288 371 293 372 298 372 305 375 298 376 292 377 288 376 
298 348 326 344 
274.03284 322.81683 314.3388 326.97873 

236 316 235 331 236 346 238 361 243 374 252 385 263 394 275 401 287 404 298 402 307 395 315 386 322 376 327 365 330 353 331 341 333 330 252 308 261 305 271 305 280 309 288 314 304 317 311 314 318 312 325 313 330 318 296 325 296 333 296 341 296 349 283 356 288 358 293 359 298 359 302 358 260 322 266 320 273 322 279 326 272 326 265 325 305 328 311 326 316 327 321 329 316 331 311 330 271 373 279 369 287 368 292 370 297 369 302 372 306 377 301 382 295 385 290 385 284 384 278 381 275 374 286 372 291 373 296 374 303 376 295 377 290 377 286 377 
296 349 322 345 
272.30838 323.6516 312.79376 327.96667 

233 315 233 329 234 344 236 359 240 373 248 385 259 394 271 402 284 405 296 404 305 396 314 387 320 377 325 366 328 354 330 342 332 331 249 310 259 306 269 306 279 310 287 315 303 317 310 315 318 314 325 315 329 321 295 326 294 334 294 342 294 350 281 357 287 359 292 360 296 360 301 359 258 322 265 322 271 323 278 326 271 327 264 326 303 330 310 328 315 329 319 331 315 332 309 331 270 374 278 371 285 369 290 371 295 370 300 373 304 377 299 383 293 386 288 386 283 386 276 382 273 375 285 374 290 375 294 375 301 377 294 379 289 379 284 378 
294 350 320 346 
270.4407 324.75793 311.13467 329.2673 

216 322 215 337 216 352 219 367 224 381 232 394 242 404 253 412 266 415 278 413 289 406 299 396 306 384 311 372 315 360 318 346 320 333 230 316 238 311 248 310 258 313 267 319 284 321 293 318 301 317 309 319 314 325 275 331 275 340 274 349 273 357 261 365 267 367 272 368 277 368 282 367 240 329 246 329 252 330 259 333 251 333 245 332 287 335 294 334 300 335 305 336 299 338 293 337 251 383 258 380 266 377 271 380 275 378 281 382 287 386 280 392 275 395 269 395 264 394 257 391 254 384 265 383 270 383 275 383 283 386 275 387 270 387 265 387 
273 357 287 353 
568.0 374.0 296.0 335.0 

214 323 215 339 216 355 218 370 223 383 231 396 241 405 252 412 265 416 277 414 288 407 297 397 304 387 310 375 313 362 315 349 317 336 229 315 238 310 248 310 258 314 266 319 283 321 292 319 300 317 308 319 312 324 275 332 274 341 274 349 273 358 261 365 266 367 272 369 277 368 281 367 238 330 245 329 252 330 258 333 251 334 244 333 286 336 292 334 298 335 303 337 298 339 291 338 249 383 257 380 265 378 270 380 275 379 281 382 286 386 280 393 274 396 268 396 263 395 256 391 252 384 264 383 270 384 275 384 283 387 274 388 269 388 264 387 
273 358 289 354 
566.0196 371.28244 295.38797 335.32025 

514 355 514 366 515 377 516 387 519 397 523 406 528 415 534 423 542 427 552 428 562 424 572 418 580 409 587 399 591 388 595 375 597 362 515 349 521 347 527 349 533 353 539 357 554 360 562 358 570 358 577 359 583 362 546 368 544 376 543 384 541 392 536 394 539 397 543 398 547 398 551 398 522 362 527 362 532 363 536 367 530 367 525 366 559 372 564 370 569 371 575 373 569 375 563 374 532 405 536 404 540 404 543 406 547 406 552 408 557 411 551 415 546 416 542 416 538 414 535 411 535 406 539 407 543 409 546 409 555 411 547 411 543 410 539 409 
541 392 515 398 
564.1736 368.5059 294.7037 335.55612 

210 324 210 339 210 355 213 370 219 384 227 396 237 405 249 413 262 417 274 415 285 408 294 398 302 387 307 376 311 363 314 350 315 338 226 315 234 311 245 311 255 315 263 320 281 323 289 320 298 319 306 320 311 326 271 334 271 342 270 351 270 360 257 367 262 369 268 371 273 370 278 369 235 330 241 329 248 330 255 334 247 335 240 334 283 338 289 335 295 336 300 339 295 341 288 340 245 385 254 381 261 379 266 381 271 380 277 384 283 388 276 395 270 397 265 398 259 397 252 393 249 385 261 384 266 385 271 385 279 388 270 389 265 389 260 388 
270 360 286 358 
559.217 363.72122 292.3654 337.0243 

511 357 511 367 511 377 513 387 516 396 520 406 525 414 531 421 539 425 548 425 559 422 568 416 576 408 583 398 587 387 590 374 592 362 513 348 517 346 523 346 529 349 534 353 549 355 556 353 564 352 571 354 577 358 541 364 539 372 538 379 536 387 531 390 534 392 538 393 542 393 546 393 519 360 523 359 528 360 532 364 527 364 522 363 554 368 558 365 564 365 569 368 564 370 558 369 528 402 531 400 535 399 538 401 541 400 547 403 552 407 547 411 541 412 537 412 534 410 531 407 530 402 534 403 538 404 541 405 550 407 541 406 538 406 534 404 
536 387 508 391 
553.75183 358.20514 289.91992 338.43665 

210 325 210 340 210 356 213 370 218 384 226 396 236 406 248 414 260 417 273 416 284 408 293 398 301 388 306 376 309 363 312 350 313 338 225 316 233 312 243 312 253 315 261 321 279 323 287 321 296 319 304 321 309 327 270 334 269 343 268 351 268 360 255 367 261 369 266 371 272 370 276 369 234 331 241 330 247 331 253 335 246 335 240 334 281 338 287 336 294 337 298 339 293 341 287 340 244 385 252 382 260 380 265 382 270 381 275 384 281 389 274 395 268 398 263 398 257 397 250 393 247 386 259 385 264 386 269 386 278 389 269 390 264 390 258 389 
268 360 282 356 
547.5483 354.508 288.56204 338.79205 

191 300 189 321 189 345 194 365 206 383 224 396 244 407 262 415 278 418 290 414 298 402 304 389 310 376 317 362 321 346 322 332 320 320 236 283 250 279 264 279 277 284 288 292 305 296 310 293 316 292 320 292 322 296 295 311 297 320 299 329 302 338 280 349 287 351 295 353 301 352 306 350 251 305 259 303 266 304 271 309 265 309 257 308 299 314 306 311 313 312 316 316 311 317 305 316 261 370 274 365 287 363 292 366 297 365 301 369 301 376 298 385 292 390 286 390 280 389 270 384 265 371 285 369 291 370 295 371 298 376 293 380 288 381 283 380 
302 338 396 322 
520.0 349.0 556.0 354.0 

504 346 504 356 506 366 508 376 511 386 515 395 521 402 527 409 536 412 546 412 555 408 564 403 572 395 578 386 582 375 585 363 587 351 507 338 511 335 517 336 523 338 528 342 542 343 549 341 557 340 564 342 571 345 535 352 535 359 534 366 533 373 527 377 530 379 534 380 538 380 541 379 513 349 517 348 522 349 526 352 521 353 516 352 548 355 552 353 557 354 562 355 557 357 552 357 523 390 527 387 531 386 534 387 537 387 542 389 548 393 542 396 537 397 533 397 530 396 526 394 525 390 530 390 533 391 537 391 546 393 537 391 534 391 530 390 
533 373 511 377 
518.4986 349.0656 554.33954 354.20404 

200 298 198 318 197 341 201 361 213 378 230 391 248 403 266 412 282 416 294 414 300 401 305 388 310 375 316 361 320 347 322 334 320 323 251 284 264 280 276 280 288 284 297 291 310 295 314 292 319 292 322 292 323 295 303 310 305 319 307 328 310 337 288 348 295 350 302 352 308 351 313 348 264 304 271 303 278 304 282 309 276 309 270 308 304 312 309 310 315 310 317 314 313 316 309 315 270 370 283 364 295 362 300 364 304 363 307 367 304 375 303 384 299 389 293 389 288 388 278 383 274 370 293 368 298 369 302 370 303 375 300 378 296 379 291 379 
310 337 410 323 
517.0397 349.14142 552.66986 354.37946 

505 347 506 357 508 368 510 378 512 387 517 396 522 403 529 410 537 412 546 412 556 409 565 403 573 396 579 387 583 376 585 364 588 352 508 339 512 336 518 337 524 339 529 342 544 344 551 341 558 341 565 343 571 346 536 352 536 359 535 366 534 374 528 378 531 379 535 380 538 380 542 380 514 350 518 349 523 350 527 353 522 353 518 353 549 356 553 354 558 355 563 356 558 358 553 357 524 390 528 388 531 387 534 388 538 388 543 390 549 394 543 397 538 398 534 398 531 397 527 395 526 391 531 391 534 392 538 392 547 393 538 392 534 392 531 391 
534 374 512 378 
518.1401 349.99997 553.67944 355.14288 

504 347 505 357 507 367 509 377 511 386 516 395 521 402 528 409 536 412 545 412 555 408 564 402 572 395 577 386 581 375 584 363 586 351 506 339 510 336 517 336 522 338 527 342 542 343 549 341 556 341 563 342 570 346 535 352 534 359 533 366 533 374 527 378 530 379 533 380 537 380 541 379 513 350 517 349 522 350 525 353 521 353 516 352 547 356 552 354 556 354 561 356 556 357 552 357 523 390 527 388 530 387 534 388 537 387 542 390 548 393 542 397 537 398 533 398 530 397 526 394 525 390 530 391 534 391 537 391 546 393 537 392 533 392 530 391 
533 374 511 378 
516.73926 349.67346 552.31494 354.71332 

502 347 503 357 505 367 507 377 510 386 514 395 520 402 526 409 534 412 544 412 554 408 563 403 571 395 576 386 580 375 583 363 585 351 505 339 509 335 515 336 521 338 526 341 541 343 548 341 555 340 563 342 569 346 533 351 533 359 532 366 531 373 526 377 529 379 532 380 536 380 540 379 511 349 515 349 520 349 524 352 519 353 515 352 546 355 550 353 555 354 560 355 555 357 550 356 522 390 526 388 529 386 532 387 535 387 541 389 547 393 541 397 535 398 532 398 528 397 525 394 524 390 529 390 532 391 535 391 544 393 535 392 532 392 529 391 
531 373 507 377 
515.3412 349.30942 550.8188 354.25452 

509 348 510 358 512 369 514 379 516 388 520 397 526 405 532 411 540 414 550 414 560 410 569 405 577 397 583 388 586 377 589 365 591 353 510 341 515 337 521 338 527 340 532 344 546 345 554 342 561 342 568 344 575 347 539 353 538 360 538 368 537 375 531 379 534 381 537 382 541 382 545 381 517 351 521 350 526 351 530 354 525 355 521 354 552 357 556 355 561 356 566 357 561 359 556 358 527 392 531 390 534 388 538 390 541 389 547 392 553 395 547 399 541 400 537 400 534 399 530 396 529 392 534 392 537 393 541 393 550 395 541 394 537 394 534 393 
537 375 513 379 
521.05426 351.05536 556.7395 355.99536 

501 347 502 357 504 367 506 377 508 386 512 395 518 403 524 410 532 413 542 413 552 409 561 404 569 396 575 386 579 375 582 363 583 351 504 340 508 337 514 337 519 340 524 343 539 344 546 342 553 342 560 343 566 347 531 353 531 360 530 367 529 374 524 379 527 380 530 381 534 381 538 380 510 350 514 350 519 351 523 354 518 354 513 353 544 356 548 354 553 355 558 356 553 358 548 357 520 391 524 389 527 388 530 389 533 388 538 391 544 394 538 398 534 399 530 399 526 398 523 396 522 392 527 392 530 393 533 393 542 394 534 393 530 393 527 392 
529 374 503 376 
513.7654 350.52194 549.1414 355.45557 

500 347 501 357 503 367 505 376 508 386 512 395 517 402 523 409 531 412 540 413 551 409 560 403 568 395 574 386 577 375 580 362 582 350 502 339 506 336 512 336 517 338 523 342 537 343 544 341 552 341 559 342 566 346 530 352 529 359 529 366 528 373 522 378 525 379 529 380 533 380 537 379 509 349 513 349 517 349 521 353 516 353 512 352 543 355 547 353 552 354 557 355 552 357 547 357 519 391 522 388 525 387 529 388 532 388 537 390 543 394 537 397 532 399 529 399 525 397 522 395 521 391 525 391 529 392 532 392 541 394 532 393 529 393 525 391 
528 373 504 375 
512.4806 349.51297 547.7882 354.46365 

505 347 505 357 507 367 509 376 512 386 516 395 521 403 527 410 535 413 545 413 555 409 564 403 572 395 578 386 582 374 585 362 586 350 507 339 511 336 517 337 522 339 527 342 542 343 549 341 556 341 563 342 569 346 534 352 534 359 533 366 532 373 527 378 530 379 533 380 537 380 541 379 513 349 517 349 522 350 525 353 521 353 516 352 547 355 552 353 556 354 561 355 556 357 552 357 523 391 526 388 530 387 533 389 536 388 542 391 547 395 541 398 536 399 532 399 529 398 526 395 525 391 529 391 533 392 536 392 545 394 536 393 533 393 529 392 
532 373 506 375 
516.839 349.5596 552.3391 354.51587 

506 348 507 358 509 368 510 377 513 387 516 396 521 404 527 412 535 415 546 415 556 411 565 405 573 397 579 387 583 376 586 363 588 351 508 341 512 337 518 337 524 340 529 343 543 344 550 342 558 342 565 344 572 348 536 353 535 360 534 368 533 375 528 379 531 381 534 382 538 382 542 381 515 351 519 350 523 351 527 354 522 354 518 353 549 357 553 355 558 355 563 357 558 359 553 358 524 392 527 390 530 389 534 390 537 390 543 393 548 397 542 400 537 401 533 400 530 399 527 397 526 393 530 393 534 394 537 394 546 397 537 395 533 395 530 393 
533 375 507 377 
518.30554 350.69647 553.78345 355.81268 

502 349 502 359 504 369 506 378 508 388 512 397 517 405 522 412 530 415 540 416 551 412 560 406 568 398 574 388 577 377 580 364 582 352 504 341 508 338 514 338 519 340 524 344 538 345 546 343 553 342 561 344 567 348 531 354 530 361 530 368 529 376 523 380 526 381 529 382 533 382 537 382 510 351 514 351 519 352 522 355 517 355 513 354 544 358 548 356 553 356 558 358 553 359 548 359 520 393 522 391 526 389 529 391 533 391 538 393 543 397 537 401 532 402 528 401 525 400 522 397 522 393 525 394 529 395 532 395 541 397 532 396 529 395 525 394 
529 376 505 380 
513.70215 351.43103 549.03345 356.5484 

501 349 502 359 504 369 506 378 508 388 512 397 517 405 523 412 531 415 542 415 552 411 561 405 568 396 574 386 578 375 580 363 583 351 502 341 507 337 512 338 518 340 523 343 538 345 545 343 553 342 560 344 567 348 531 353 530 361 529 368 528 375 523 379 526 381 529 382 533 382 537 382 509 351 513 350 518 351 522 354 517 355 512 354 544 357 548 355 553 356 558 357 553 359 548 359 520 393 523 391 526 390 529 391 533 391 538 393 544 397 538 401 532 402 529 401 525 400 522 397 522 393 526 393 529 394 533 395 541 397 532 396 529 395 526 394 
528 375 502 377 
513.20496 351.18286 548.45886 356.09796 

503 349 503 359 505 368 507 378 510 388 513 397 518 405 524 412 532 415 542 415 553 412 562 405 570 397 576 387 579 376 582 364 584 351 504 341 508 338 514 338 520 340 525 344 539 345 546 342 554 342 561 344 568 348 532 353 531 361 530 368 529 375 524 380 527 381 530 382 534 382 538 382 511 351 515 351 519 351 523 354 518 355 514 354 545 357 549 355 554 356 559 357 554 359 549 359 521 393 524 391 527 390 531 391 534 391 539 394 545 397 539 401 534 402 530 401 527 400 524 397 524 393 527 394 530 395 534 395 543 397 534 396 530 395 527 394 
529 375 503 377 
514.55273 351.22543 549.8655 356.05225 

501 350 501 360 503 370 505 379 508 389 512 397 517 405 522 412 530 415 539 415 549 412 559 405 567 397 573 388 577 376 581 364 583 351 502 341 506 338 512 338 518 340 523 343 537 344 544 342 552 342 559 344 565 348 530 353 529 361 529 368 528 375 522 380 525 381 529 382 532 382 536 382 509 351 513 351 517 352 521 354 516 355 512 354 543 357 547 355 552 356 557 357 552 359 547 358 519 393 522 391 525 390 528 391 532 391 537 393 543 397 537 400 531 402 528 401 524 400 521 397 521 393 525 393 528 394 532 394 540 396 531 395 528 395 525 394 
528 375 502 377 
512.55804 351.34576 547.7812 356.1024 

501 349 502 359 504 368 506 378 508 387 512 396 518 404 523 412 532 415 542 415 552 411 561 405 569 397 574 387 578 376 581 363 583 351 503 341 507 337 513 338 518 340 523 343 538 345 545 343 553 342 560 344 567 348 531 353 530 361 529 368 528 375 523 379 526 381 529 382 533 382 537 381 510 351 514 351 518 351 522 354 517 355 513 354 544 357 548 355 553 356 558 357 553 359 548 358 521 392 523 390 526 389 530 391 533 390 538 393 544 397 538 400 533 401 529 400 526 399 523 396 523 393 526 393 529 394 533 394 542 396 533 395 529 395 526 394 
528 375 502 377 
513.1801 351.15845 548.48236 355.82635 

502 349 503 359 505 369 507 378 509 388 513 397 519 404 524 412 532 415 541 415 551 411 561 405 569 397 575 387 579 376 582 363 584 351 504 341 508 338 513 338 519 340 524 343 539 345 546 342 553 342 561 344 567 347 531 353 531 361 530 368 529 375 524 379 527 381 530 382 534 382 538 381 510 351 514 350 519 351 523 354 518 354 513 354 544 357 548 355 554 355 559 357 554 358 549 358 521 392 524 390 527 389 530 390 533 390 539 392 544 396 538 399 533 401 530 400 526 399 523 397 523 393 527 393 530 394 533 394 542 396 533 394 530 394 527 393 
529 375 503 379 
513.9331 351.03976 549.3121 355.6538 

500 349 501 359 502 369 504 378 507 388 511 397 517 404 522 411 530 414 540 415 550 411 559 405 567 397 573 387 578 376 581 364 583 351 502 340 506 337 512 338 517 340 522 344 536 345 543 342 551 342 558 344 565 347 529 353 529 360 528 368 527 375 522 379 525 381 528 382 532 382 536 381 508 351 512 350 516 351 520 354 516 354 511 354 542 357 546 355 551 355 556 357 551 358 546 358 519 392 522 390 525 389 528 390 531 390 537 392 542 396 536 399 531 401 527 400 524 399 521 396 521 392 525 393 528 394 531 394 540 395 531 394 528 394 525 393 
527 375 499 379 
511.7306 351.10754 547.0428 355.66446 

502 350 503 360 505 370 507 379 510 389 514 398 520 405 526 412 534 416 544 416 554 412 563 406 570 397 576 388 579 376 582 364 584 351 504 342 508 338 513 339 519 341 524 344 539 345 546 343 554 342 561 344 567 348 532 354 531 361 531 368 530 376 525 380 527 381 531 383 535 382 539 382 510 352 514 351 519 352 523 355 518 355 513 354 545 357 549 355 554 355 559 357 554 359 549 358 522 393 525 391 528 390 531 391 534 391 540 393 546 397 540 400 534 401 531 401 528 399 525 397 524 393 528 393 531 394 534 394 543 396 535 395 531 395 528 394 
530 376 506 380 
514.1715 351.5989 549.5462 356.06885 

501 350 502 360 505 370 507 380 510 389 514 398 519 405 525 412 533 415 543 416 553 412 562 406 570 398 575 388 579 377 582 364 584 352 503 342 507 339 513 339 519 341 524 344 539 346 546 343 554 343 561 344 568 348 531 354 531 362 530 369 529 376 524 381 527 382 530 383 534 383 538 382 510 352 514 351 519 352 523 355 518 356 513 355 544 358 549 356 554 356 559 357 554 359 549 359 521 393 524 391 527 390 531 391 534 391 539 393 545 397 539 400 534 401 530 401 527 400 524 397 523 394 527 394 531 395 534 395 543 396 534 395 531 395 527 394 
529 376 503 380 
514.0484 352.10327 549.42676 356.55142 

501 350 502 360 504 370 507 379 509 389 514 398 519 405 525 413 533 416 542 416 552 411 561 405 569 397 575 387 579 376 582 363 584 351 504 343 507 339 513 339 519 341 524 344 538 346 545 343 553 343 560 345 567 348 531 354 531 362 530 369 529 376 524 381 527 382 530 383 534 383 538 382 510 352 514 352 519 352 523 355 518 356 513 355 544 358 548 356 553 356 558 357 553 359 548 359 521 393 524 391 527 390 531 391 534 391 539 393 545 396 539 400 534 401 530 401 527 400 524 397 523 393 527 394 530 395 534 395 543 396 534 395 531 395 527 394 
529 376 503 380 
513.8169 352.2367 549.2559 356.64996 

500 349 501 359 502 369 505 379 508 388 512 397 517 405 523 412 531 415 541 415 551 411 560 405 568 397 574 387 578 375 581 363 583 350 502 341 506 338 512 339 517 341 522 344 537 345 544 343 552 342 559 344 565 347 530 354 530 361 529 368 528 376 523 380 526 381 529 382 533 382 537 381 509 352 513 351 517 352 521 355 516 355 512 354 543 357 547 355 552 356 557 357 552 359 547 358 520 392 523 390 526 389 529 390 532 390 538 393 543 396 537 399 532 401 529 400 525 399 522 397 522 393 526 393 529 394 532 394 541 396 532 395 529 395 526 394 
528 376 502 380 
512.45984 351.69843 547.80066 356.16837 

501 349 502 359 504 369 507 378 509 388 514 396 519 404 525 411 533 414 542 414 552 410 561 404 569 396 575 386 579 375 582 363 583 350 503 341 507 338 513 338 519 340 524 344 538 345 546 342 553 342 561 344 567 347 531 354 531 361 530 368 529 375 524 380 527 381 530 382 534 382 538 381 510 351 514 351 518 351 522 354 518 355 513 354 544 357 548 355 554 355 559 357 554 358 548 358 521 392 524 390 527 389 531 390 534 390 539 392 545 395 539 399 534 400 530 400 527 399 524 396 523 392 527 393 531 394 534 394 543 395 534 394 531 394 527 393 
529 375 503 377 
513.65125 351.2431 549.0856 355.66904 

505 348 506 359 509 369 511 378 513 388 517 397 523 405 529 412 537 415 547 415 558 411 566 405 574 397 579 387 583 375 585 363 587 350 507 341 512 338 518 339 523 341 528 344 543 345 550 343 557 342 565 344 571 347 536 354 535 361 534 368 534 376 528 380 531 381 534 382 538 382 542 382 514 351 518 351 523 352 526 355 522 355 517 354 548 357 553 355 558 355 563 357 558 359 553 358 525 392 528 390 531 389 534 390 538 390 543 393 549 396 543 399 538 400 534 400 531 399 528 396 527 393 531 393 534 394 538 394 547 396 538 394 534 394 531 393 
534 376 512 380 
517.69226 351.45337 553.2331 355.91864 

501 349 502 359 504 369 506 378 509 388 513 397 518 404 524 411 532 414 542 414 552 410 561 404 568 396 574 386 578 375 581 363 583 351 502 341 506 338 512 339 518 341 523 344 538 345 545 343 553 342 560 344 566 347 530 353 530 361 529 368 528 375 523 379 526 381 529 382 533 382 537 381 509 351 513 350 518 351 521 354 517 355 512 354 543 357 548 355 552 355 558 357 553 358 548 358 520 392 523 390 526 389 529 390 533 390 538 392 544 395 538 399 533 400 529 400 526 399 522 396 522 392 526 393 529 394 533 394 542 395 533 394 529 394 526 393 
528 375 502 379 
512.9055 351.32745 548.18427 355.78928 

500 350 501 360 503 370 505 380 508 389 512 397 517 405 523 411 530 414 540 414 550 411 559 404 567 396 573 387 577 376 580 363 582 351 501 341 505 338 511 338 517 341 522 344 536 345 543 343 551 342 558 344 564 348 530 354 529 361 528 368 527 375 523 380 526 381 529 382 532 382 536 381 508 351 512 351 517 352 521 355 516 355 511 354 542 357 546 355 552 355 557 357 552 359 547 358 519 392 522 390 526 389 529 390 532 390 538 392 544 396 537 399 532 400 528 400 525 399 522 396 521 392 526 393 529 394 532 394 541 395 532 394 529 394 526 393 
527 375 501 377 
512.00934 351.42038 547.2291 355.80823 

499 348 500 358 502 368 504 378 507 387 512 396 517 404 522 411 530 413 539 414 549 410 558 403 566 396 572 386 576 376 579 363 581 351 501 341 505 337 511 338 517 340 522 343 536 344 543 342 551 341 558 343 565 347 529 353 528 360 528 367 527 374 522 379 525 380 528 381 532 381 536 380 508 351 512 350 516 351 520 354 516 354 511 354 542 356 546 354 551 354 556 356 551 358 546 357 519 391 522 389 525 388 528 389 532 389 537 391 542 395 537 398 532 399 528 399 524 398 522 396 521 392 525 392 528 393 532 393 540 394 532 393 528 393 525 392 
527 374 503 376 
511.45236 350.68314 546.5894 355.07468 

501 348 502 358 504 368 507 378 510 387 514 396 520 404 525 411 533 414 542 414 552 410 561 404 569 396 576 386 579 375 582 362 584 350 504 341 507 338 513 338 519 340 524 343 539 345 546 342 553 342 561 343 567 347 532 353 531 360 530 368 530 375 525 379 528 380 531 382 534 381 538 381 510 351 514 350 519 351 523 354 518 354 513 354 544 356 548 354 553 355 559 356 553 358 548 358 521 391 525 389 528 388 531 390 534 389 539 392 545 395 539 398 534 400 531 399 527 398 524 396 523 392 527 392 531 393 534 393 543 395 534 394 531 393 527 392 
530 375 506 379 
513.9574 350.94342 549.26776 355.35892 

500 350 502 359 504 369 506 379 508 388 513 397 518 405 524 412 532 415 542 415 552 411 561 404 568 396 574 386 577 375 580 363 582 351 502 341 506 338 512 339 518 341 523 344 537 346 544 343 552 343 559 344 566 348 530 354 529 361 529 369 528 376 523 380 526 382 529 383 533 382 537 382 509 352 513 351 517 352 521 355 516 355 512 355 543 357 547 355 552 356 557 357 552 359 547 359 520 393 523 391 526 390 529 391 533 390 538 393 544 396 538 399 533 400 529 400 526 399 523 397 522 393 526 393 529 394 533 394 542 396 533 395 530 395 526 394 
528 376 502 380 
512.6481 351.9153 547.9025 356.397 

500 351 501 361 503 371 506 381 509 390 513 399 519 406 525 413 532 416 542 416 552 412 560 405 568 397 574 387 577 376 579 364 581 351 501 343 505 340 511 341 517 343 522 346 536 347 543 345 551 344 558 346 565 350 529 355 529 363 528 370 528 378 523 382 526 383 529 384 533 384 537 383 508 353 512 352 517 353 520 356 516 357 511 356 542 359 546 357 551 357 556 359 551 360 546 360 520 394 523 392 526 391 529 392 532 392 538 394 544 397 538 401 533 402 529 402 526 401 523 398 522 394 526 395 529 396 532 396 541 397 532 396 529 396 526 395 
528 378 504 384 
511.7508 353.35425 547.0449 357.78738 

498 350 499 359 501 369 503 379 506 388 510 397 515 405 521 412 529 415 538 415 549 411 558 405 565 397 571 387 574 376 577 363 579 351 499 341 503 338 509 339 514 341 519 344 534 345 541 343 549 342 556 344 562 347 527 354 526 361 526 368 525 376 520 380 523 381 526 382 530 382 534 381 506 352 510 351 514 352 518 355 514 355 509 354 540 357 544 355 549 355 554 357 549 358 544 358 517 392 520 390 523 389 526 390 530 390 535 392 541 396 535 399 530 400 526 400 523 399 520 397 519 393 523 393 526 394 530 394 538 396 530 395 526 395 523 393 
525 376 499 380 
509.54703 351.5928 544.6877 355.90707 

499 349 500 359 502 369 505 378 508 388 512 397 517 404 523 411 530 414 540 414 549 410 558 404 567 396 573 387 577 375 580 363 582 351 501 340 505 337 511 337 516 340 521 343 536 343 543 341 550 341 557 342 564 346 529 353 528 360 528 367 527 374 522 379 525 380 528 381 532 381 535 381 508 351 511 350 516 351 520 354 515 354 511 354 541 356 546 354 551 354 556 356 551 358 546 357 519 392 522 389 525 388 528 389 531 389 537 391 542 395 537 398 531 400 528 399 525 398 522 396 521 392 525 392 528 393 531 393 540 395 531 393 528 393 525 392 
527 374 501 376 
511.26096 350.55597 546.4693 354.80856 

500 349 502 359 504 369 506 378 509 388 513 397 519 404 524 412 532 415 541 415 552 411 561 405 569 397 575 387 578 376 581 363 583 350 503 341 506 338 512 338 517 340 523 343 537 344 544 342 552 341 559 343 566 347 530 353 530 360 529 367 528 375 523 379 526 380 529 381 533 381 537 381 509 351 513 350 518 351 522 354 517 354 512 354 543 356 547 354 552 355 557 356 552 358 547 358 521 392 523 390 526 388 529 389 532 389 538 392 544 395 538 399 533 400 529 400 526 399 523 397 523 393 526 392 529 393 532 393 541 395 533 394 529 394 526 393 
528 375 502 379 
512.6781 350.84207 547.95087 355.19415 

500 349 501 359 504 369 506 379 509 388 513 397 519 405 524 412 532 415 542 415 552 411 561 405 568 397 574 387 578 376 581 363 583 351 502 341 506 338 512 338 518 341 523 344 538 345 545 343 552 342 560 344 567 347 530 354 530 361 529 368 528 376 523 380 526 381 529 382 533 382 537 381 509 351 513 351 518 351 522 354 517 355 512 354 543 357 547 355 552 355 558 357 552 359 547 358 521 393 524 391 526 389 530 390 533 390 538 392 544 396 538 400 533 401 530 401 526 399 524 397 523 393 526 393 530 394 533 394 542 396 533 395 530 395 527 394 
528 376 502 380 
512.7411 351.4762 548.044 355.83194 

499 350 500 360 502 370 505 379 507 389 512 398 517 406 523 413 531 415 541 415 551 411 559 405 567 397 573 387 576 376 579 364 580 351 500 342 504 339 510 339 516 341 521 344 535 345 542 343 550 342 557 344 564 348 529 354 528 361 527 369 527 376 522 380 525 382 528 383 532 382 535 382 507 352 511 351 516 352 520 355 515 355 510 355 541 357 545 355 550 356 555 357 550 359 545 359 519 393 522 391 525 389 528 391 531 390 536 393 542 396 537 400 532 401 528 401 525 400 522 398 521 393 525 393 528 394 531 394 539 396 531 395 528 395 525 394 
527 376 503 380 
511.0304 351.8284 546.25 356.15265 

498 350 499 360 501 370 503 379 506 388 510 397 516 405 522 412 529 415 539 415 549 411 558 405 566 397 571 387 575 376 577 363 579 351 499 341 503 338 509 339 514 341 519 344 534 345 541 343 549 342 556 344 562 347 527 354 526 361 526 368 525 376 520 380 523 381 526 382 530 382 534 381 506 352 510 351 514 352 518 355 514 355 509 354 540 357 544 355 549 355 554 357 549 358 544 358 518 393 521 390 524 389 526 390 529 390 535 392 541 396 535 400 530 401 527 401 523 400 521 397 520 393 523 393 526 394 530 394 538 396 530 395 527 395 524 394 
525 376 499 380 
509.48114 351.54288 544.6806 355.783 

499 350 500 360 503 370 505 379 508 389 513 398 518 406 524 413 532 415 542 415 552 411 561 405 568 397 574 387 577 376 580 363 581 351 501 342 505 338 511 338 517 341 522 344 536 344 543 342 551 342 558 343 564 347 529 354 529 361 528 368 528 375 523 380 526 381 529 382 532 382 536 381 508 351 512 351 517 351 520 355 516 355 511 354 542 357 546 354 551 355 556 357 551 358 546 358 520 393 523 390 526 389 529 390 532 390 537 393 543 396 537 400 532 401 529 401 526 400 523 397 522 393 526 393 529 394 532 394 540 396 532 395 529 395 526 394 
528 375 504 377 
511.69504 351.44073 547.0003 355.6837 

500 350 500 360 502 370 504 379 507 389 511 397 517 405 523 412 530 415 540 415 550 411 559 405 567 397 573 387 577 376 580 363 582 350 501 341 505 338 511 338 516 340 521 343 536 344 543 342 551 342 558 344 564 347 529 353 528 360 528 368 527 375 522 380 525 381 528 382 532 382 535 381 508 351 511 351 516 351 520 354 515 355 511 354 542 357 546 354 551 355 556 357 551 358 546 358 520 393 522 390 525 389 528 390 531 389 537 392 542 396 537 400 532 401 528 401 525 400 522 398 522 393 525 392 528 393 531 393 540 396 531 395 528 395 525 394 
527 375 501 377 
511.3996 351.36105 546.6872 355.66837 

499 349 500 359 503 369 505 379 508 388 512 397 518 405 523 412 531 415 541 415 551 411 560 405 567 397 573 387 577 376 579 363 581 351 501 341 505 338 511 338 517 341 522 344 536 345 543 342 551 342 558 344 564 347 529 354 529 361 528 368 527 376 522 380 525 381 528 382 532 382 536 381 508 351 512 351 517 351 521 355 516 355 511 354 542 357 546 355 551 355 556 357 551 358 546 358 520 393 523 390 526 389 528 390 532 390 537 393 542 396 537 400 532 402 528 401 525 400 523 397 522 393 526 393 528 394 532 394 540 396 532 395 529 395 526 394 
527 376 503 380 
511.67065 351.43478 547.0138 355.77405 

499 349 500 359 503 369 505 379 508 388 512 398 518 405 524 412 532 415 541 415 552 411 560 405 568 397 574 387 577 376 580 363 581 351 501 342 505 338 511 338 517 341 522 344 536 345 543 343 551 342 558 343 565 347 529 353 529 361 528 368 528 376 523 380 525 381 529 382 532 382 536 381 508 352 512 351 516 352 520 355 516 355 511 354 542 357 546 355 551 355 556 357 551 358 546 358 520 393 523 390 526 389 529 390 532 390 537 393 542 396 537 400 532 402 529 401 526 400 523 398 523 393 526 393 529 394 532 394 540 396 532 395 529 395 526 394 
528 376 504 380 
511.69998 351.58014 547.0648 355.92532 

499 349 500 359 503 369 505 379 508 388 512 397 518 405 523 412 531 415 541 415 551 411 560 405 568 397 574 387 577 376 580 363 582 351 501 342 505 338 511 339 517 341 522 344 536 345 543 342 551 342 559 344 565 347 529 354 529 361 528 368 527 376 522 380 525 381 528 382 532 382 536 381 508 352 512 351 517 352 521 355 516 355 511 354 542 357 546 355 551 355 556 357 551 358 547 358 520 393 523 390 526 389 528 390 532 390 537 393 542 396 537 400 532 402 528 401 525 400 523 398 522 393 526 393 528 394 532 394 540 396 532 395 528 395 526 394 
527 376 501 380 
511.7821 351.58273 547.17316 355.92035 

498 349 499 359 502 369 504 379 507 389 512 397 517 405 523 412 531 415 540 415 550 411 559 405 567 397 573 387 576 376 579 363 580 351 500 341 504 338 510 338 516 341 521 344 536 344 543 342 550 342 557 343 564 347 529 354 528 361 527 368 527 376 522 380 525 381 528 382 531 382 535 382 507 351 511 351 516 352 520 355 515 355 510 354 541 357 545 355 550 355 555 357 551 358 546 358 519 393 522 390 525 389 528 390 531 390 537 392 542 396 537 400 532 402 528 401 525 400 522 398 522 393 525 393 528 394 531 394 539 396 531 395 528 395 525 394 
527 376 503 380 
510.9137 351.49997 546.28265 355.8499 

499 349 500 359 502 369 505 379 508 388 513 397 518 404 523 412 531 414 540 414 550 410 559 404 567 396 574 386 577 375 580 363 582 350 502 341 505 338 511 338 516 340 521 343 536 344 544 342 551 342 558 343 565 347 530 353 529 360 528 368 528 375 523 379 525 381 529 382 532 381 536 381 508 351 512 350 517 351 521 354 516 355 511 354 542 356 546 354 551 355 556 356 551 358 547 358 520 392 523 390 526 388 529 389 532 389 537 392 542 395 537 399 532 401 528 401 525 400 522 397 522 393 526 392 529 393 532 393 540 395 532 395 529 394 526 393 
528 375 504 379 
511.8301 351.05804 547.2321 355.40024 

499 349 500 359 503 369 505 379 508 388 512 397 518 405 523 412 531 415 541 414 551 410 560 404 567 396 573 386 577 375 579 363 581 351 500 341 505 337 511 338 516 340 521 343 536 344 544 342 551 342 558 343 564 347 529 353 529 360 528 368 527 375 522 379 525 380 528 382 532 381 536 381 508 351 512 350 516 351 520 354 516 355 511 354 542 357 546 354 551 355 556 356 551 358 546 358 520 392 523 390 526 388 528 389 532 389 537 392 542 396 537 399 532 401 528 401 525 400 522 397 522 393 525 392 528 393 532 393 540 395 532 395 528 395 526 394 
527 375 503 377 
511.56396 350.97522 546.9297 355.37555 

499 349 500 359 503 369 505 379 508 388 513 397 518 405 524 412 532 415 541 415 552 411 560 405 568 397 574 387 577 375 580 363 581 351 502 341 506 338 512 338 517 341 522 344 537 345 544 342 551 342 558 343 565 347 530 353 529 361 528 368 528 375 523 379 526 381 529 382 533 382 536 381 508 351 512 350 517 351 521 354 516 355 512 354 543 357 547 355 552 355 557 357 552 358 547 358 520 392 523 390 526 388 529 390 533 389 538 392 543 396 538 400 533 401 529 401 526 400 523 397 522 393 526 392 529 393 533 393 541 396 532 395 529 395 526 394 
528 375 504 377 
512.1294 351.21405 547.5021 355.60846 

500 349 501 360 504 370 506 379 509 389 513 398 519 405 525 412 532 415 542 415 552 411 561 405 569 397 575 387 578 376 581 363 583 350 502 342 506 338 512 338 518 341 523 344 538 345 545 343 553 342 560 344 566 347 531 354 530 361 529 368 529 376 524 380 526 381 530 382 533 382 537 382 509 351 513 351 518 351 522 355 517 355 512 354 543 357 548 355 553 355 558 357 553 359 548 358 521 393 524 390 527 389 530 390 533 390 538 392 544 397 538 400 533 401 530 401 526 400 524 398 523 393 526 393 530 394 533 394 541 396 533 395 530 395 527 394 
529 376 505 380 
513.0187 351.52783 548.46936 355.9725 

499 349 500 359 503 369 505 379 508 388 512 397 518 405 524 412 532 415 541 415 551 411 560 404 568 396 574 387 577 375 580 363 582 350 501 341 505 338 511 338 517 341 522 344 537 345 544 343 551 342 559 344 565 347 530 354 529 361 529 368 528 376 523 380 526 381 529 382 532 382 536 382 508 351 512 351 517 351 521 355 516 355 511 354 542 357 547 355 552 355 557 357 552 358 547 358 520 393 523 390 526 389 529 390 532 390 537 393 543 396 538 400 533 402 529 401 526 400 523 398 522 393 526 393 529 393 532 394 540 396 532 395 529 395 526 394 
528 376 504 380 
511.9371 351.44574 547.35034 355.91257 

498 349 499 359 502 369 504 379 507 388 511 397 516 405 522 412 530 415 540 415 550 411 559 404 567 396 572 386 576 375 579 363 581 351 500 341 504 338 510 338 516 341 521 344 536 345 543 343 550 342 558 344 564 347 528 354 528 361 527 368 527 376 522 380 524 381 528 382 531 382 535 382 507 351 511 351 516 351 520 355 515 355 510 354 541 357 546 355 551 355 556 357 551 359 546 358 519 393 522 390 525 389 528 390 531 390 536 392 542 396 536 400 531 401 528 401 525 400 522 398 521 393 525 393 528 393 531 394 539 396 531 395 528 395 525 394 
527 376 503 380 
511.12582 351.48154 546.40436 355.95773 

498 350 499 360 502 370 504 379 507 389 511 398 516 405 522 412 530 415 540 415 550 411 559 405 566 397 572 387 576 376 578 364 580 351 500 342 504 338 510 339 515 341 521 344 535 345 542 343 550 342 557 344 563 348 528 354 528 361 527 368 526 376 521 380 524 381 527 382 531 382 535 382 507 352 511 351 516 352 519 355 515 355 510 354 541 357 545 355 550 356 555 357 550 359 545 358 519 393 522 391 525 389 527 390 531 390 536 393 541 396 536 400 531 402 527 401 524 400 521 398 521 393 525 393 527 394 531 394 539 396 531 395 527 395 525 394 
526 376 502 380 
510.86386 351.67386 546.15466 356.22842 

216 297 215 317 216 339 220 357 230 371 245 383 259 392 273 400 287 404 296 400 302 391 306 379 312 368 317 356 321 343 323 332 322 322 265 290 276 287 287 287 297 289 305 295 321 299 324 297 327 296 329 297 329 299 311 313 313 322 315 330 318 338 300 349 305 350 310 351 315 351 319 348 276 309 283 306 290 306 294 313 289 314 282 313 311 315 315 311 320 311 321 317 319 318 314 317 282 367 295 364 304 361 307 363 309 362 310 365 307 369 306 374 304 379 302 379 299 378 292 375 287 368 302 368 305 368 306 368 305 368 306 369 304 370 302 369 
318 338 416 332 
510.6243 351.87698 545.87897 356.47394 

209 303 207 321 207 341 212 359 224 373 239 384 255 393 269 401 283 404 292 401 297 391 302 379 308 369 314 358 318 346 320 335 319 326 253 293 264 288 277 286 288 289 298 296 309 300 314 297 319 295 323 296 324 301 302 312 304 321 306 330 308 339 289 349 295 351 300 352 305 351 309 348 265 308 272 304 279 305 283 312 277 313 271 312 303 316 309 310 314 310 316 315 313 318 308 318 272 366 285 364 295 361 299 363 301 362 304 365 302 368 301 375 298 379 294 380 290 379 282 375 276 367 294 368 297 368 300 368 300 368 299 369 296 370 292 370 
308 339 398 335 
511.885 352.11035 547.2465 356.654 

499 349 500 359 503 369 505 379 508 388 512 397 518 405 524 413 532 416 542 415 552 412 561 405 568 397 574 387 577 376 580 363 582 350 501 342 506 339 512 339 517 341 522 344 536 345 543 343 551 343 558 344 564 347 530 354 529 361 528 369 528 376 523 380 526 382 529 383 533 382 536 382 508 352 512 351 517 352 521 355 516 355 511 354 542 357 547 355 552 356 557 357 552 359 547 358 520 393 523 390 526 389 529 390 532 390 537 393 543 397 537 401 532 402 529 402 526 401 523 398 522 394 526 393 529 394 532 394 540 396 532 396 529 396 526 395 
528 376 504 378 
513.1719 352.33148 548.59265 356.84113 

201 298 198 317 196 337 199 356 210 371 226 383 244 393 260 401 275 404 285 401 292 391 298 379 305 369 312 356 317 343 318 332 316 322 244 287 256 283 268 284 279 288 288 295 304 299 309 296 314 295 318 295 319 299 295 312 296 320 298 329 300 338 279 347 286 349 292 352 298 350 302 348 255 305 262 303 269 304 274 309 267 310 260 308 297 313 304 310 309 310 312 314 309 316 303 316 263 365 276 363 286 361 291 363 294 362 297 365 297 368 294 374 291 378 286 379 281 378 272 374 266 366 285 368 289 368 293 368 295 368 292 369 288 369 284 369 
300 338 384 334 
512.998 352.39758 548.4107 356.84958 

499 349 500 359 503 369 505 379 508 388 512 397 518 405 524 413 532 416 541 416 551 411 560 405 568 397 574 387 577 375 580 363 581 350 501 342 505 339 511 339 517 341 522 345 536 345 543 343 550 342 558 344 564 347 529 354 529 361 528 369 528 376 523 380 526 382 529 383 532 383 536 382 508 352 512 351 517 352 521 355 516 356 511 355 542 358 546 355 551 356 556 357 551 359 546 359 520 394 523 391 526 389 529 391 532 390 537 393 542 397 537 401 532 403 529 402 525 401 523 398 522 394 526 393 529 394 532 394 540 396 532 396 529 396 526 395 
528 376 504 378 
512.8211 352.45972 548.2217 356.85812 

196 295 195 313 194 333 198 352 207 367 222 381 238 391 254 400 269 403 280 400 288 390 295 378 302 367 308 354 312 341 314 328 314 317 233 281 246 279 259 281 270 285 280 292 299 298 304 295 310 294 315 294 317 298 288 309 289 319 290 328 291 338 272 346 279 348 285 350 290 349 294 347 245 302 252 301 260 302 265 307 258 308 251 306 294 313 300 310 306 311 309 314 305 316 299 315 253 364 267 362 278 360 283 363 287 362 291 364 292 367 288 373 284 377 279 378 273 377 264 372 258 365 276 367 281 368 286 368 289 368 285 368 281 369 275 368 
291 338 365 336 
511.8879 352.5917 547.2413 356.86502 

499 350 500 360 502 370 505 380 508 390 512 398 518 406 524 413 532 416 541 415 551 411 560 405 567 397 573 387 577 376 579 363 580 351 500 342 504 339 510 339 516 342 521 345 535 345 542 343 550 342 557 344 563 348 528 354 528 361 527 369 527 376 522 380 525 382 528 383 531 383 535 382 507 352 511 351 516 352 520 355 515 355 510 355 541 357 545 355 551 356 556 357 551 359 546 359 519 394 522 391 525 389 528 390 531 390 536 393 542 397 537 401 531 402 528 402 525 401 522 399 521 394 525 393 528 394 531 394 539 396 531 396 528 396 525 395 
527 376 503 378 
510.9568 352.72534 546.2585 356.87338 

192 291 190 309 189 328 192 347 200 363 213 376 228 387 243 396 259 399 272 397 283 388 291 377 299 365 304 353 307 340 309 327 310 315 225 280 238 278 250 280 261 285 270 292 290 296 297 294 303 293 309 293 311 297 279 307 279 317 280 326 280 336 261 344 268 346 275 349 280 348 285 346 235 300 243 299 251 301 257 306 249 306 241 304 285 311 292 309 299 310 303 313 298 315 291 314 242 362 255 360 266 358 271 361 276 360 281 363 284 366 279 372 274 375 268 376 262 374 253 370 246 363 264 365 270 366 275 366 281 367 275 366 269 367 264 366 
280 336 342 334 
509.51355 353.33206 544.71313 357.3034 

497 350 498 361 501 371 503 380 507 390 511 399 516 406 522 413 529 417 538 416 548 412 557 405 565 397 572 387 576 376 578 363 580 351 499 343 503 340 509 340 514 342 519 345 533 346 540 344 548 343 556 345 562 348 527 355 527 362 526 369 525 377 520 381 523 382 527 384 530 383 534 382 506 353 510 352 515 353 518 356 514 356 509 355 540 358 544 356 549 356 554 357 549 359 544 359 518 394 521 391 524 389 527 391 530 390 535 393 540 397 535 402 530 404 527 403 524 402 521 399 521 395 524 394 527 394 530 395 537 397 530 397 527 397 524 396 
525 377 499 379 
508.1103 353.91464 543.19037 357.69797 

191 288 189 306 189 325 191 344 198 361 211 375 226 386 242 395 257 398 271 396 281 386 289 375 298 364 303 351 307 338 309 325 309 313 221 280 233 277 246 279 257 284 266 291 287 295 294 293 301 292 307 293 311 297 275 306 275 316 275 325 276 335 257 343 264 345 271 348 276 347 281 345 231 299 239 298 247 299 254 305 245 305 237 303 283 310 290 308 297 309 301 312 296 314 289 313 239 360 252 359 263 357 268 360 272 359 278 362 282 365 276 372 270 375 265 375 258 374 249 369 244 361 261 364 267 365 272 365 278 366 271 365 266 366 260 365 
276 335 330 333 
508.0463 354.1645 543.01514 357.69165 

497 351 498 361 501 371 504 381 507 390 512 399 517 407 523 414 531 417 539 417 549 412 557 405 565 396 572 386 576 375 578 362 580 350 499 343 503 340 508 340 514 342 519 345 533 346 540 344 548 343 555 345 562 348 527 355 527 362 526 370 526 377 521 381 523 383 527 384 530 383 534 383 506 353 510 352 514 353 518 356 514 356 509 356 540 358 544 356 549 356 554 357 549 359 544 359 519 395 521 392 524 390 527 391 530 391 536 394 540 397 536 402 531 404 527 404 524 403 521 400 521 395 524 394 527 395 530 395 538 397 531 398 527 398 524 397 
526 377 502 379 
507.97635 354.39096 542.8338 357.6818 

191 289 189 307 188 325 190 343 197 359 209 373 223 384 237 393 253 397 266 395 277 387 287 376 295 365 301 352 305 338 307 326 309 313 219 279 231 277 244 278 255 283 264 290 284 294 292 292 299 291 306 292 310 297 273 305 273 314 272 324 272 333 254 342 261 344 268 346 273 346 278 345 229 297 237 296 245 298 252 304 244 303 236 302 281 309 288 306 295 307 299 311 294 313 287 311 236 359 248 357 259 356 264 358 270 357 275 361 280 364 273 370 267 373 261 374 255 372 246 367 240 360 258 363 264 364 269 364 277 364 268 364 263 364 257 363 
272 333 320 331 
507.78748 354.28546 542.67993 357.38602 

497 351 499 361 501 371 504 380 507 390 511 399 517 406 523 414 530 417 539 417 548 412 557 405 565 397 571 387 575 375 578 363 579 350 499 343 503 340 509 340 514 342 519 345 533 346 540 343 547 343 555 344 561 347 527 355 527 362 526 370 526 377 521 381 524 383 527 384 531 383 534 382 506 353 510 352 514 353 518 356 513 356 509 356 539 358 543 355 549 356 554 357 549 359 544 359 519 394 521 391 524 390 527 391 531 390 536 393 541 397 536 402 531 404 527 404 524 403 521 400 521 395 524 394 527 395 531 395 538 397 531 398 527 398 524 397 
526 377 502 379 
507.61295 354.17798 542.5165 357.07657 

191 289 188 306 188 324 189 342 195 358 206 372 220 383 235 391 251 395 265 394 276 385 285 376 293 365 298 352 302 340 305 327 306 314 215 278 228 276 241 277 252 283 262 290 281 294 289 292 297 291 304 292 308 298 270 303 270 313 269 323 269 332 251 341 258 343 264 345 270 345 276 343 225 296 234 295 242 297 248 303 240 302 231 301 279 308 286 306 293 307 298 310 293 312 285 311 233 358 245 356 256 355 261 357 266 357 272 360 277 364 270 370 264 372 258 372 252 371 243 367 238 359 255 362 260 363 265 363 273 364 265 363 260 363 254 362 
269 332 315 330 
507.7151 354.3495 542.6113 357.15826 

497 352 499 362 502 372 504 381 508 391 512 399 518 407 524 414 531 418 539 417 549 412 557 405 565 397 571 387 576 375 578 363 579 350 499 343 503 340 508 340 514 342 519 345 533 346 540 344 547 343 555 344 561 347 527 355 527 362 526 370 526 377 521 381 524 383 527 384 531 383 534 383 506 353 510 352 514 353 518 356 514 357 509 356 539 358 543 355 548 356 554 357 549 359 544 359 519 394 522 392 525 390 528 392 531 391 536 394 541 397 536 402 531 404 528 404 525 403 522 400 521 395 525 394 528 395 531 395 538 397 531 398 528 398 525 397 
526 377 502 379 
507.8122 354.51376 542.7059 357.23706 

496 351 498 361 501 371 503 380 507 390 511 399 517 406 523 414 531 417 540 416 549 411 558 404 565 396 571 386 575 374 577 362 579 350 498 342 502 338 508 339 513 341 518 344 532 345 539 343 547 342 554 343 560 347 526 354 526 361 525 369 525 376 520 380 523 382 526 383 530 382 534 381 505 352 509 351 513 352 517 355 513 355 508 355 539 357 543 355 548 355 553 356 548 358 543 358 518 393 521 392 524 390 527 391 530 391 536 393 542 395 536 400 531 402 527 402 524 401 521 398 520 394 524 394 527 395 530 394 539 395 531 396 527 396 524 395 
525 376 501 378 
506.89355 353.4384 541.72314 356.19034 

186 286 184 304 184 322 185 339 190 356 201 370 215 381 230 390 245 394 260 393 271 384 281 375 289 364 295 351 299 338 301 325 303 313 211 277 223 274 235 275 247 280 256 287 277 292 286 290 294 289 301 291 304 297 265 302 264 311 264 321 264 330 246 339 253 341 259 343 265 343 270 342 221 294 229 293 237 295 244 301 235 301 227 299 274 307 281 304 288 306 293 309 287 311 280 310 229 356 241 354 251 353 256 356 261 355 267 359 272 362 265 368 259 371 253 371 247 369 238 364 233 357 250 360 255 361 260 361 268 362 260 361 254 361 249 360 
264 330 308 328 
505.98776 352.36658 540.75244 355.14334 

182 285 180 303 179 321 180 338 186 354 196 368 209 379 222 388 237 393 251 392 263 384 275 375 284 365 290 352 294 339 298 326 301 314 205 278 217 274 229 275 240 280 250 288 270 292 279 290 288 289 296 292 299 299 258 302 257 311 256 320 255 330 238 337 245 340 251 342 257 342 262 341 216 295 224 294 232 296 238 301 230 301 222 299 269 307 276 304 283 306 287 309 282 311 275 310 221 354 233 353 243 352 248 354 253 354 260 357 266 361 258 367 251 369 245 369 239 368 230 363 225 355 242 358 247 359 253 360 263 361 252 360 246 360 241 359 
255 330 287 328 
506.59824 352.1301 541.4586 354.84253 

497 350 498 360 500 370 503 380 506 390 511 398 516 406 523 414 531 417 540 416 550 412 559 404 566 396 572 386 575 375 578 362 579 350 499 342 503 338 509 339 514 341 519 344 533 345 540 342 548 342 555 343 561 346 527 354 526 361 526 368 525 375 521 380 523 381 527 382 530 382 534 381 506 352 510 351 514 351 518 355 513 355 509 355 539 357 543 354 548 354 553 356 549 358 544 358 518 393 521 391 524 390 527 391 530 390 536 393 542 395 536 399 531 401 528 401 524 400 521 397 520 393 524 394 527 395 531 394 539 395 531 395 527 395 525 394 
525 375 499 377 
507.24658 351.87808 542.1739 354.5789 

497 351 498 360 501 370 503 380 506 389 510 398 516 407 522 414 530 417 540 416 550 412 558 404 566 396 571 386 575 374 577 362 578 350 499 341 502 338 508 338 513 340 518 343 533 344 540 341 547 341 554 342 561 345 526 353 526 360 525 367 525 374 520 379 523 380 526 381 530 381 533 380 505 351 509 350 513 351 517 354 513 355 508 354 539 356 543 353 548 354 553 355 548 357 543 357 517 392 521 390 524 389 527 390 530 390 536 392 541 394 536 399 531 401 527 401 524 400 521 397 520 393 524 393 527 394 530 394 539 394 530 395 527 395 524 394 
525 374 501 374 
506.80453 351.20557 541.75275 353.8405 

178 284 176 301 175 318 176 335 182 351 192 365 204 376 218 386 233 391 248 391 261 383 272 374 281 364 287 351 291 338 294 325 297 312 201 277 212 273 224 274 235 279 245 286 266 290 275 288 284 288 292 291 296 299 254 300 252 310 251 319 250 329 234 336 240 338 246 341 252 341 258 340 212 293 220 292 227 294 234 300 225 299 218 297 265 306 272 303 279 305 284 308 278 310 271 309 217 353 228 351 238 350 244 353 249 352 256 356 263 360 254 366 247 368 241 368 234 366 226 362 221 354 237 357 243 358 248 359 259 360 247 359 242 359 236 358 
250 329 280 329 
506.38275 350.49756 541.3621 353.12833 

496 350 497 360 499 370 502 379 505 389 510 398 515 406 522 413 530 416 539 415 548 411 557 404 564 395 570 386 574 374 576 362 577 350 498 340 502 337 507 337 512 339 517 342 532 343 538 340 545 340 553 341 559 344 525 352 525 359 524 366 524 374 519 378 522 380 525 381 529 380 532 379 504 350 508 349 513 350 516 353 512 354 507 353 538 355 542 353 547 353 552 355 547 356 542 356 517 392 520 390 523 388 526 390 529 389 534 391 540 394 535 399 530 401 526 401 523 400 520 397 519 392 523 392 526 393 529 393 537 394 530 395 526 395 523 394 
524 374 500 376 
505.21814 349.67648 540.19403 352.26562 

175 283 174 299 174 317 175 335 180 351 190 365 202 376 215 386 230 390 245 389 257 381 268 373 277 363 283 350 288 337 292 324 295 310 196 275 208 272 220 273 231 278 240 285 260 289 270 287 279 287 287 289 292 296 249 299 247 308 246 317 245 327 228 335 235 337 241 340 247 339 253 339 207 291 215 290 223 293 229 298 221 298 213 296 260 304 267 302 274 303 279 307 273 309 266 307 212 352 224 350 233 349 238 352 243 351 250 355 257 359 248 364 241 366 235 366 229 364 221 360 216 353 232 355 237 357 243 357 253 359 242 357 237 357 231 356 
245 327 269 325 
503.9736 348.8414 539.02954 351.39276 

496 349 497 359 500 369 503 378 506 388 510 397 516 405 522 412 530 415 540 414 550 410 559 403 566 394 572 384 575 373 577 360 579 348 498 339 502 336 508 337 513 339 518 341 533 342 539 340 547 339 554 340 560 344 526 352 525 359 525 366 524 373 520 378 523 379 526 380 529 380 533 379 505 350 509 349 513 350 517 353 512 353 508 353 539 355 543 352 548 353 553 354 548 356 543 356 517 392 520 390 524 388 526 389 530 388 535 391 541 394 536 398 530 400 527 400 524 399 521 396 520 392 524 392 527 393 530 393 538 394 530 394 527 394 524 393 
524 373 498 373 
504.829 348.52557 539.81366 350.97705 

174 281 172 298 171 316 171 333 176 349 186 362 198 373 211 384 226 388 241 388 254 380 265 372 275 362 281 349 285 336 289 323 292 310 194 275 205 272 217 273 228 277 237 284 257 288 267 286 276 286 285 289 289 296 246 298 244 308 243 317 241 326 225 334 232 336 238 339 244 339 249 338 204 291 212 290 220 292 226 298 218 297 210 296 258 304 264 301 272 302 276 306 271 308 264 306 210 351 220 349 230 348 235 351 240 350 247 354 254 358 245 363 238 365 232 365 226 363 218 359 214 352 229 354 234 356 240 356 250 358 239 356 234 356 228 355 
241 326 263 324 
505.67166 348.2009 540.6725 350.5816 

497 350 498 360 500 370 503 379 506 389 510 398 516 406 522 413 530 416 540 415 550 411 559 404 567 395 572 385 576 374 578 361 580 349 498 340 502 337 508 337 513 339 519 342 533 343 539 340 547 340 554 341 561 344 526 352 526 359 525 366 525 373 520 378 523 380 526 381 530 380 533 379 505 351 509 350 514 350 518 353 513 354 509 353 539 355 543 353 548 353 553 354 548 356 543 356 518 392 521 390 524 388 527 389 530 389 535 391 541 394 536 398 531 400 527 400 524 399 521 397 520 392 524 392 527 393 530 393 539 394 530 394 527 394 524 393 
525 373 499 373 
506.0908 348.7101 541.12396 351.0602 

172 282 170 299 169 316 169 333 173 350 183 364 195 375 209 384 224 389 238 388 252 380 264 372 273 361 279 348 284 335 288 322 290 309 191 275 202 271 214 273 225 278 234 284 254 288 263 286 273 286 282 288 287 295 243 298 241 308 239 317 238 326 223 334 229 336 235 339 241 338 247 338 201 291 209 290 217 292 223 298 215 297 207 295 255 304 262 301 269 302 274 306 268 307 261 306 207 350 217 349 227 348 232 350 237 350 244 354 251 358 242 363 235 365 229 364 223 363 215 359 211 352 225 354 231 355 237 356 247 357 236 356 231 356 225 354 
238 326 256 324 
506.51355 349.26193 541.5908 351.5215 

496 350 497 360 500 370 502 379 505 389 510 398 516 406 522 413 530 416 539 415 549 411 558 404 566 396 571 386 574 374 577 362 578 349 498 340 502 337 507 338 512 339 517 342 532 343 539 340 546 340 553 341 560 344 525 352 525 359 525 367 524 374 520 379 523 380 526 381 529 380 533 380 505 351 508 350 513 350 517 353 512 354 508 353 538 355 542 353 547 353 552 355 547 356 542 356 517 392 520 390 523 388 526 389 529 388 535 391 541 394 536 399 530 401 527 401 524 400 520 397 520 393 523 392 526 393 530 393 538 394 530 395 527 395 524 394 
524 374 498 376 
505.54196 349.40927 540.61926 351.61737 

166 283 165 300 164 318 165 335 169 351 179 365 191 376 204 385 219 389 233 388 246 380 258 372 267 362 273 349 277 336 281 322 284 308 183 275 194 271 206 272 217 277 226 284 246 287 256 285 266 285 274 287 279 294 235 297 233 307 232 316 230 325 215 333 221 336 227 338 233 338 239 337 194 291 202 290 210 292 216 297 208 297 200 295 247 303 254 300 261 302 267 305 261 307 254 305 201 351 211 349 220 348 225 350 230 350 237 354 245 357 236 362 228 364 222 364 217 362 209 359 204 352 219 354 224 355 230 355 241 357 229 356 224 356 218 354 
230 325 244 323 
504.55203 349.54523 539.66907 351.71985 

496 350 497 360 499 370 502 379 505 389 509 398 515 406 521 413 529 416 539 416 549 411 558 404 565 396 571 385 574 374 576 361 577 349 497 341 501 338 507 338 512 340 517 343 531 343 538 341 545 340 553 342 559 345 525 353 525 360 524 367 524 374 519 379 522 380 525 381 529 381 532 380 504 351 508 350 512 351 516 354 512 354 507 354 538 356 542 353 547 354 552 355 547 357 542 357 517 392 520 390 523 388 526 389 530 389 535 391 541 394 536 400 531 402 527 402 523 401 520 398 519 393 523 392 526 393 530 393 538 394 530 396 526 396 523 394 
524 374 500 374 
504.17853 349.9766 539.3194 352.2237 

165 283 164 299 163 317 163 334 167 349 176 364 187 375 200 385 214 390 230 389 243 381 255 373 265 362 270 349 275 335 280 320 283 306 181 276 191 272 202 272 213 277 222 283 243 287 253 285 263 284 272 287 277 295 231 298 229 307 228 316 226 325 212 334 218 336 224 338 230 338 235 337 192 292 199 290 207 292 212 297 205 298 197 296 244 303 251 300 258 301 263 305 257 307 250 305 198 351 208 349 216 348 221 350 227 350 234 353 241 357 233 362 225 364 219 364 213 363 206 359 202 352 215 354 221 355 226 356 237 357 226 356 220 356 215 354 
226 325 234 321 
503.85373 350.44687 538.9558 352.69363 

497 351 498 361 500 371 503 380 506 389 510 398 516 406 522 414 530 417 539 417 549 412 558 405 566 396 571 386 574 374 577 362 578 350 499 342 502 338 508 339 513 341 518 343 532 344 539 342 546 341 553 342 560 345 526 353 526 361 525 368 525 375 520 380 523 381 526 382 530 381 533 381 505 352 509 351 513 351 517 354 513 355 508 354 538 356 542 354 547 354 552 356 548 357 543 357 518 393 521 390 524 389 527 390 531 389 536 392 542 395 537 400 532 403 528 403 524 402 521 398 520 393 524 393 527 394 531 394 539 395 531 397 527 397 524 395 
525 375 501 375 
504.71674 351.1006 539.80615 353.3783 

162 282 161 299 160 316 160 334 165 350 174 364 185 375 198 385 213 389 228 388 242 380 254 372 263 361 269 348 274 335 279 320 283 306 180 277 189 272 201 273 211 277 221 284 241 286 251 284 260 284 270 286 275 294 229 297 227 306 225 315 223 325 210 333 216 335 221 338 227 337 233 337 190 292 197 291 204 293 210 297 203 297 196 296 243 303 250 300 256 302 262 305 256 307 249 305 196 352 205 350 214 348 219 351 224 350 232 354 239 358 230 362 223 365 217 365 211 363 203 359 199 353 213 354 218 355 224 356 235 357 223 356 218 356 212 355 
223 325 229 323 
505.6 351.7326 540.6365 354.04858 

497 350 498 360 500 370 503 380 506 389 511 399 517 407 523 414 531 417 540 417 549 412 558 405 566 396 571 386 575 375 577 362 579 349 498 341 502 338 508 339 513 341 518 343 533 344 540 342 547 341 554 343 560 346 526 354 526 361 525 368 525 375 520 380 523 381 526 382 530 382 534 381 505 352 509 351 513 352 517 355 513 355 508 354 539 357 543 354 548 354 553 356 548 358 543 358 518 393 521 390 524 389 527 390 531 389 536 392 542 395 537 401 532 404 528 404 524 402 521 399 520 393 524 393 527 394 531 394 539 395 531 397 527 397 524 396 
525 375 501 375 
505.6672 351.75986 540.7909 354.19736 

160 285 159 301 158 318 159 335 163 350 171 364 182 375 194 384 209 388 224 388 237 381 250 373 260 362 266 350 271 336 276 321 281 306 177 276 187 271 198 272 208 277 218 283 238 286 248 284 258 283 267 286 273 293 226 296 224 306 222 315 220 324 206 333 212 335 218 337 224 337 230 336 187 291 194 290 201 292 207 297 200 297 192 295 240 302 247 300 254 301 259 304 253 306 246 305 192 352 201 349 210 347 216 350 221 349 229 353 236 357 227 362 219 364 213 364 207 363 199 359 196 352 209 353 215 355 221 355 232 357 220 355 214 355 208 354 
220 324 226 322 
505.73383 351.78775 540.9541 354.34027 

497 352 497 362 499 372 502 381 505 391 510 400 515 408 521 415 529 418 538 418 548 413 556 406 565 398 571 388 574 376 577 364 578 351 498 342 502 339 507 340 512 342 517 344 532 345 539 343 546 342 553 344 559 347 525 355 525 362 524 369 524 376 519 381 522 382 525 383 529 383 532 382 504 353 508 352 513 352 517 355 512 356 507 355 538 358 542 355 547 356 552 357 547 359 542 359 517 394 519 391 523 390 526 391 529 390 535 393 540 396 535 402 530 404 526 404 523 403 520 400 519 394 523 394 526 395 529 395 538 396 530 398 526 398 523 397 
524 376 498 376 
505.07938 352.65097 540.18024 355.5521 

153 283 152 300 152 317 154 334 158 350 165 364 175 375 187 385 202 389 217 389 231 381 243 373 254 363 260 350 265 336 270 322 275 307 169 276 179 271 190 272 201 276 210 282 231 286 241 284 251 283 260 286 266 293 219 297 217 306 215 315 213 324 199 333 205 335 211 338 217 337 223 337 180 291 187 290 194 292 200 297 193 297 185 295 233 302 240 299 247 301 252 304 246 306 239 305 186 352 195 349 203 347 208 350 214 349 221 353 229 358 220 363 212 365 206 365 200 363 193 360 189 353 202 354 208 355 214 355 225 358 213 356 207 356 202 355 
213 324 217 320 
504.3969 353.51715 539.34814 356.76416 

496 352 497 362 499 372 502 381 505 391 510 400 516 408 521 415 529 419 538 418 547 413 556 406 564 398 570 388 574 376 576 364 578 351 498 343 501 340 507 340 512 342 517 345 531 346 538 344 545 343 553 344 559 347 524 355 524 362 524 370 523 377 518 381 521 383 524 384 528 383 532 383 504 353 508 352 512 353 516 356 511 356 507 356 537 358 541 356 546 356 552 358 547 359 542 359 516 394 519 391 522 390 525 391 529 391 535 393 540 397 535 402 529 405 526 405 522 403 519 400 519 395 522 394 525 395 529 395 538 397 529 398 526 398 522 397 
523 377 497 379 
504.03406 353.83493 538.9677 357.35083 

151 285 150 301 150 319 151 335 155 351 163 365 174 377 186 386 201 390 216 389 230 381 242 373 252 362 259 349 264 335 269 320 273 305 167 277 176 272 187 272 198 277 207 284 227 286 238 283 248 283 257 285 263 292 216 297 214 306 212 316 210 325 196 334 202 336 208 338 215 338 221 337 176 292 183 290 191 292 197 297 189 297 182 296 231 302 237 299 244 300 250 303 244 305 237 304 183 353 192 350 201 348 206 351 211 350 219 354 226 359 217 363 210 365 204 365 198 364 190 360 186 353 200 354 205 355 211 356 223 358 210 356 205 356 199 355 
210 325 212 323 
503.7036 354.19504 538.5424 357.8911 

497 352 497 362 499 372 502 382 505 391 510 400 515 408 521 416 529 419 538 419 547 414 556 407 564 399 570 388 574 377 577 364 578 351 498 343 502 340 507 341 512 343 517 345 531 347 538 344 545 344 553 345 559 348 524 356 524 363 523 370 523 377 518 382 521 383 524 384 528 384 532 383 504 353 508 353 512 353 516 356 512 357 507 356 537 359 542 357 547 357 552 358 547 360 542 360 516 394 519 392 522 391 525 392 528 391 534 394 540 397 535 403 529 405 525 405 522 404 519 400 518 395 522 395 525 396 528 396 538 397 529 399 525 399 522 398 
523 377 495 377 
503.77518 354.61557 538.47107 358.4389 

148 282 147 299 147 317 149 334 153 350 160 365 170 377 182 386 197 391 213 390 227 382 240 374 251 362 258 348 263 333 268 317 272 301 163 276 172 272 183 273 194 277 203 282 225 285 236 284 246 283 256 285 262 292 213 297 211 306 210 316 208 325 194 334 200 336 206 338 212 338 218 337 174 292 181 291 188 292 195 297 187 297 179 296 228 302 235 299 242 301 248 304 242 306 234 305 181 353 190 350 198 349 203 351 209 351 216 354 224 359 215 364 207 365 201 365 195 364 188 360 185 354 197 355 203 356 209 357 220 359 208 357 202 356 197 355 
208 325 210 323 
503.81876 355.0545 538.3453 358.95718 

498 354 499 363 501 373 504 383 507 392 512 401 518 409 524 417 531 420 541 420 550 415 558 408 566 399 571 388 575 377 577 364 579 352 499 344 503 341 508 342 513 344 518 347 533 348 539 346 547 345 554 346 560 349 526 357 526 364 525 372 525 379 520 383 523 384 526 386 530 385 534 385 505 354 509 354 514 355 517 357 513 358 508 357 539 360 543 357 548 358 553 359 548 361 543 361 518 396 521 393 524 392 527 393 530 393 536 395 542 399 537 405 531 407 528 407 524 406 521 402 521 396 524 396 527 397 531 397 540 399 531 401 527 401 524 399 
525 379 499 379 
505.33237 356.2267 539.5517 360.07315 

146 283 145 300 145 318 146 335 150 351 158 365 168 377 180 387 195 391 210 390 224 383 238 374 249 363 256 348 261 333 266 317 270 301 159 276 169 272 180 273 191 277 201 283 221 286 232 283 242 283 252 284 258 291 210 297 208 306 206 316 205 325 191 334 197 336 203 338 209 338 215 337 170 292 177 291 185 292 191 297 183 297 176 296 225 302 232 299 239 300 245 303 239 306 231 304 178 353 187 351 195 349 201 351 206 351 213 354 221 359 212 364 205 366 199 366 193 365 186 361 182 354 195 355 200 356 206 356 217 358 205 357 200 357 194 356 
205 325 205 321 
506.71683 357.36813 540.8336 361.19867 

497 354 498 364 501 374 504 383 508 393 513 402 518 410 525 418 532 421 541 420 551 415 559 408 566 399 571 388 575 376 577 364 578 351 499 346 503 343 508 343 514 346 519 348 532 349 539 347 547 346 554 347 560 350 526 358 526 365 525 373 525 381 520 384 523 386 527 387 530 387 534 386 505 356 509 355 514 356 518 358 513 359 509 358 539 361 543 359 548 359 553 360 548 362 543 362 519 397 521 395 524 394 528 395 531 394 536 397 542 400 537 405 532 407 528 407 525 406 521 402 521 398 524 397 528 398 531 398 539 400 531 401 528 401 525 400 
525 381 501 385 
506.70117 358.6215 540.8193 362.4249 

144 285 143 302 143 319 144 336 149 352 157 366 167 377 178 387 193 392 208 391 221 383 234 375 245 363 252 350 258 336 264 320 268 304 159 277 168 272 179 273 190 277 199 283 219 286 230 283 241 282 251 284 258 291 208 297 206 306 204 316 202 325 189 334 194 336 200 339 207 338 213 337 168 292 175 291 183 292 189 297 181 298 174 296 224 302 230 299 238 300 244 303 237 305 230 304 176 354 185 351 193 349 199 352 204 351 211 354 219 359 210 364 203 366 197 366 190 365 183 361 179 355 192 355 198 357 204 357 215 359 203 357 198 357 192 356 
202 325 200 321 
506.6999 359.88907 540.7739 363.64462 

498 354 500 364 502 375 505 385 509 394 514 403 520 411 526 418 534 421 542 420 552 415 559 408 567 398 572 388 576 376 578 364 579 351 500 347 504 344 509 345 515 347 520 350 533 351 540 349 548 348 555 349 562 352 527 359 527 367 527 375 527 383 521 385 524 387 528 388 532 388 535 387 506 357 510 356 515 357 519 360 514 360 509 360 540 362 544 360 549 360 555 361 550 363 545 363 520 398 523 396 526 395 529 396 532 396 537 398 543 400 537 405 532 407 529 407 526 406 523 403 522 399 526 399 529 399 532 399 540 400 532 401 529 401 526 400 
527 383 503 389 
507.6718 361.26517 541.69055 365.05286 

144 284 143 300 143 318 144 336 148 352 156 367 165 380 177 390 192 395 207 393 221 385 234 375 245 363 252 349 258 333 263 317 268 301 159 276 168 272 178 273 189 277 197 283 219 285 230 283 240 282 249 284 256 291 207 297 205 306 203 316 201 326 188 334 194 337 200 339 206 338 212 337 168 292 175 291 182 293 188 297 181 297 173 296 222 301 229 299 236 300 242 303 236 305 229 304 175 355 183 351 192 349 197 352 204 351 211 355 218 360 209 365 202 368 195 368 189 366 182 363 178 355 191 356 197 357 203 357 214 359 203 358 196 358 191 357 
201 326 197 324 
508.67014 362.64178 542.6629 366.51212 

498 354 499 364 502 375 505 385 509 394 514 403 520 411 526 418 534 421 543 420 552 415 559 408 567 399 573 388 576 377 578 365 580 352 500 347 504 344 510 346 516 348 521 351 534 352 541 349 548 348 555 349 562 352 528 360 528 368 527 375 527 383 522 386 525 388 528 389 532 388 536 388 507 357 511 357 515 357 519 360 515 361 510 360 541 363 545 360 550 361 555 362 550 364 545 364 520 398 523 397 526 396 529 397 532 396 538 398 543 401 538 405 533 407 529 407 526 406 523 403 522 399 526 399 529 400 532 400 541 401 532 401 529 401 526 400 
527 383 505 389 
509.10083 362.96304 543.2018 366.9254 

141 283 140 299 141 317 142 334 146 350 153 365 163 378 174 389 190 394 206 392 220 383 234 374 245 362 252 347 257 331 262 315 266 298 157 275 167 272 177 273 187 278 196 283 217 286 227 283 237 282 247 283 254 289 205 297 203 306 201 315 199 324 186 334 192 336 198 339 204 338 210 337 165 292 172 290 180 292 186 297 178 297 171 296 221 301 228 298 235 300 241 303 235 305 227 304 173 355 182 351 190 349 195 352 202 351 209 354 216 360 208 366 200 368 193 368 187 366 180 363 177 355 189 356 195 357 201 357 212 359 201 358 195 358 189 357 
199 324 195 318 
509.57104 363.36227 543.7136 367.43158 

140 285 139 302 139 319 140 336 144 352 151 365 161 377 173 388 188 393 203 392 217 385 230 376 242 365 249 352 254 337 259 321 263 305 155 276 164 272 174 272 185 277 194 282 215 285 226 283 236 282 246 284 252 290 203 296 201 306 200 315 198 325 184 334 190 336 196 339 203 338 209 337 164 292 171 290 178 292 184 297 177 297 169 296 219 301 226 298 234 299 239 303 233 305 226 304 172 355 180 351 189 349 194 352 200 351 208 354 215 360 207 366 199 368 192 368 186 366 179 363 176 355 188 356 194 357 200 357 211 359 200 358 193 358 188 357 
198 325 196 321 
509.8085 362.7158 544.1731 366.8268 

499 354 500 364 502 374 505 384 509 393 514 402 519 410 525 417 533 420 542 419 551 415 558 408 566 399 572 389 576 377 578 365 579 352 500 347 504 344 510 345 516 347 521 350 535 351 542 349 549 348 556 349 562 351 529 359 528 367 528 374 528 382 522 385 525 387 529 388 533 388 536 387 507 356 511 356 516 357 519 360 515 360 510 359 541 362 545 360 550 360 555 361 550 363 546 363 520 397 523 396 526 395 529 396 532 396 538 398 543 400 538 404 533 406 529 406 526 405 523 402 522 398 526 398 529 399 532 399 541 400 533 400 529 400 526 399 
528 382 506 388 
510.09512 362.1278 544.57947 366.31723 

136 281 136 299 137 317 138 335 143 351 151 366 161 378 173 388 188 393 203 392 218 383 231 374 242 362 249 347 255 332 260 315 264 299 149 276 159 271 171 272 182 276 192 282 214 285 225 282 236 282 247 284 254 290 202 297 200 306 198 316 197 325 183 334 189 336 195 339 202 338 208 337 160 291 168 290 176 291 182 297 174 297 166 296 218 301 226 298 233 299 239 302 233 305 225 304 170 354 179 350 187 348 193 351 199 350 206 354 214 359 205 366 197 369 191 369 184 367 177 363 174 355 186 356 192 357 198 357 209 359 198 359 192 359 186 358 
197 325 195 319 
510.34842 360.99368 544.90344 365.1385 

498 353 499 363 501 374 505 384 508 393 514 402 519 410 525 417 533 419 542 418 551 413 560 406 567 398 573 387 576 376 578 363 579 351 500 345 505 343 511 344 516 346 522 349 535 350 542 347 549 347 556 348 563 350 529 358 529 366 528 373 528 381 522 384 526 386 529 387 533 386 536 386 507 355 511 355 516 356 520 359 515 359 510 359 541 361 546 359 551 359 556 360 551 362 546 362 520 396 523 395 527 394 529 395 533 395 538 397 544 399 538 403 533 405 530 405 527 404 523 401 522 397 527 397 529 398 533 398 541 399 533 399 530 399 527 398 
528 381 508 387 
510.62872 359.90024 545.20306 363.97922 

135 284 134 302 135 320 137 337 142 353 150 368 160 380 172 390 187 395 202 393 216 385 229 376 239 363 247 349 253 333 258 316 262 300 149 276 158 271 170 271 181 276 190 282 213 285 223 282 233 281 243 282 250 289 200 296 199 306 197 316 196 326 182 335 188 337 194 339 200 338 206 338 160 292 167 290 175 292 181 297 173 297 165 296 216 301 223 298 230 299 236 302 230 305 222 304 169 356 177 352 186 349 191 352 197 351 205 355 211 361 203 368 196 370 189 370 183 369 176 365 173 356 185 356 191 357 197 357 207 360 196 361 190 361 185 360 
196 326 196 322 
512.2878 358.1958 546.8085 362.33203 

499 351 500 361 502 372 505 382 508 391 513 400 519 408 525 415 532 418 542 418 552 413 560 407 568 398 574 388 577 376 580 364 581 351 502 343 506 341 512 341 518 344 523 346 537 348 544 346 551 345 558 346 565 349 530 356 530 364 529 371 529 379 524 383 527 384 530 385 533 385 537 384 509 354 513 353 517 354 522 357 517 357 512 357 543 359 547 357 552 357 557 359 552 361 547 360 521 395 524 393 528 392 531 393 534 393 539 395 545 398 539 402 534 404 531 404 527 403 524 400 523 396 527 396 531 397 534 397 542 398 534 398 531 398 528 396 
529 379 507 383 
513.84875 356.42908 548.3426 360.67297 

132 282 132 300 134 318 136 335 140 352 148 366 159 379 171 389 186 394 201 392 215 384 228 374 238 362 246 347 251 332 255 316 259 299 143 274 154 270 166 271 177 275 188 281 210 284 221 282 232 281 242 282 249 289 198 296 197 306 196 316 195 326 180 334 186 337 193 339 199 338 206 337 155 290 162 288 171 290 179 296 169 297 161 295 213 300 221 297 229 298 235 302 228 304 220 303 167 356 176 352 184 349 190 352 196 351 203 355 210 361 203 368 194 370 188 370 181 369 174 365 171 357 184 356 190 358 195 358 206 360 195 361 189 361 183 360 
195 326 199 322 
513.905 355.77295 548.278 360.07278 

499 350 500 360 501 371 503 381 506 391 511 400 517 408 524 415 532 418 541 417 552 413 561 406 568 397 574 387 578 376 580 363 582 350 502 342 507 340 512 341 518 343 523 346 537 347 544 345 551 344 559 345 565 348 530 356 530 363 529 371 529 378 524 382 527 383 530 385 533 384 537 384 509 353 513 353 517 353 521 357 516 357 512 356 543 359 547 356 552 357 557 358 552 360 547 360 521 394 524 393 528 391 531 393 534 392 539 394 544 397 539 401 534 403 531 403 527 402 524 399 523 395 527 395 531 396 534 396 542 397 534 397 531 397 528 396 
529 378 507 382 
513.9664 355.15613 548.23505 359.45148 

132 285 131 302 132 320 134 337 138 353 147 368 157 380 168 390 183 395 198 393 211 386 224 377 235 365 243 351 248 336 254 319 258 302 147 276 157 272 168 272 178 277 188 282 210 285 220 283 230 282 240 283 247 289 197 296 196 306 194 316 192 326 178 335 185 337 191 339 197 339 204 338 157 292 164 290 172 292 178 297 170 297 162 296 213 301 220 298 228 299 234 302 227 304 220 304 166 356 174 352 182 349 188 352 194 351 202 355 209 361 201 368 193 371 186 371 180 370 172 366 170 357 182 356 188 357 194 357 205 361 194 361 187 362 181 360 
192 326 192 320 
513.7638 354.6005 547.9501 358.95532 

498 349 499 359 500 369 501 380 504 389 509 398 516 407 522 414 531 417 541 417 551 413 560 406 568 398 574 387 577 376 580 363 582 350 502 342 506 339 512 340 517 342 523 345 537 346 544 344 552 343 559 345 565 348 530 355 530 362 529 370 528 377 524 381 526 383 530 384 533 383 537 383 509 353 513 352 517 353 521 356 516 356 512 356 543 358 547 356 552 356 557 358 552 360 547 360 520 394 524 392 527 391 530 392 533 391 538 394 544 397 538 401 533 402 530 402 527 401 523 399 522 394 527 395 530 395 533 395 542 397 533 396 530 396 527 395 
528 377 506 381 
513.5941 354.08063 547.6994 358.4768 

130 289 129 306 130 324 132 341 137 356 145 370 155 381 167 391 182 395 197 393 211 385 224 376 235 364 242 351 248 336 253 319 257 303 144 278 154 272 165 273 176 277 186 282 208 285 218 283 229 281 240 283 246 291 195 297 193 307 192 316 190 327 177 335 183 337 189 340 196 339 202 338 155 293 162 291 170 293 176 298 168 298 161 297 212 302 219 299 226 299 232 303 226 305 218 304 164 357 172 353 181 350 187 353 193 351 200 355 207 361 200 368 192 371 185 371 178 370 170 366 168 357 180 356 186 358 192 358 203 361 192 362 186 362 180 361 
190 327 188 323 
513.1832 353.73755 547.2722 358.16385 

498 349 498 359 499 369 501 380 505 389 510 398 516 406 523 414 531 417 540 416 550 412 559 406 567 398 574 388 578 376 580 363 582 350 502 341 506 339 512 340 517 342 522 345 536 346 543 344 550 343 557 344 563 347 529 355 529 362 528 369 528 377 523 381 526 382 529 383 532 383 536 382 508 352 512 352 517 352 520 356 516 356 511 355 542 358 546 356 551 356 556 357 551 359 546 359 520 394 523 392 527 390 529 391 533 391 537 393 543 397 537 400 533 402 529 402 526 401 523 398 522 394 526 394 529 395 532 395 541 396 532 396 529 396 526 395 
528 377 506 381 
512.7598 353.4228 546.8235 357.81848 

128 288 127 305 128 323 130 340 134 356 143 369 153 381 165 392 180 396 196 395 209 387 223 377 234 365 241 351 246 335 252 318 256 301 143 278 153 273 164 274 174 278 184 284 206 287 216 284 227 282 237 283 245 290 193 298 192 308 190 318 188 328 176 337 181 339 187 341 194 340 200 339 153 294 160 293 168 294 175 299 166 299 159 298 210 303 217 299 225 300 231 303 225 306 217 305 162 358 170 354 179 351 185 354 191 353 199 357 206 363 198 370 190 372 184 373 177 371 169 367 166 359 179 358 185 359 191 359 202 363 191 363 185 363 178 362 
188 328 186 324 
513.0715 353.5132 547.0886 357.59262 

499 350 500 360 501 371 504 381 508 390 514 399 519 407 526 414 533 416 543 416 552 411 560 404 568 396 574 386 578 375 580 362 582 350 502 341 506 339 512 340 517 342 522 345 537 346 543 343 550 343 557 344 563 346 530 355 530 362 529 369 528 377 524 381 527 382 530 383 533 383 537 382 508 352 512 352 517 353 521 355 516 356 512 355 543 358 547 356 552 356 557 357 552 359 547 359 521 394 524 392 527 390 530 392 533 391 539 393 544 396 539 401 534 402 530 402 527 401 524 399 523 394 527 394 530 395 533 395 542 396 534 396 530 396 527 395 
528 377 504 381 
513.3733 353.59827 547.33887 357.3752 

127 288 126 305 127 323 128 340 133 356 141 370 152 382 164 392 180 397 195 396 209 387 223 377 234 364 240 349 245 334 250 317 253 301 142 279 152 274 163 275 174 279 184 285 205 288 216 284 226 283 237 284 245 291 193 299 191 309 190 319 188 329 175 338 181 339 187 342 193 341 200 340 152 295 160 294 167 295 174 299 166 300 158 299 210 303 217 300 225 301 231 304 224 307 217 306 161 359 170 355 178 353 185 355 191 354 198 358 206 363 197 370 189 373 183 373 176 372 168 368 165 360 178 359 184 360 191 360 201 363 190 364 184 364 177 363 
188 329 188 325 
513.1625 353.8652 547.2027 357.42612 

499 350 500 360 501 371 504 381 508 390 514 399 519 407 525 413 533 416 542 416 551 411 560 405 568 396 574 386 577 374 580 361 582 349 502 342 506 340 512 340 517 343 522 345 536 346 543 344 550 343 557 344 564 346 530 355 529 362 529 370 528 377 524 381 526 382 530 383 533 383 537 382 508 353 512 352 517 353 521 356 516 356 512 356 542 358 546 356 551 356 556 357 552 359 547 359 521 394 524 392 527 390 530 392 533 391 539 393 544 396 539 400 534 402 530 402 527 401 524 399 523 394 527 394 530 395 533 395 542 396 533 396 530 396 527 395 
528 377 504 381 
512.94476 354.1572 547.0604 357.47662 

125 287 124 305 125 323 127 340 132 357 141 371 151 383 163 393 178 398 193 397 207 388 221 379 232 366 240 352 246 336 251 319 255 302 140 280 150 275 161 275 173 279 183 285 205 288 215 285 227 283 238 285 245 292 192 299 191 309 189 319 187 329 174 338 180 340 186 343 193 342 199 341 151 295 159 294 166 295 173 300 165 300 157 299 209 304 216 301 224 302 231 304 224 307 216 306 161 360 169 356 178 353 184 356 190 355 197 359 204 364 197 371 189 374 182 374 175 373 168 369 165 361 177 360 184 361 190 361 200 364 189 365 183 365 177 364 
187 329 187 323 
512.438 354.16068 546.5318 357.30954 

499 351 500 361 502 372 505 381 509 391 514 399 520 407 526 413 533 416 542 415 551 411 560 404 568 396 574 386 578 374 580 361 582 349 501 342 506 340 511 340 516 342 522 345 536 346 543 343 550 343 557 344 563 346 529 355 529 362 529 370 528 377 524 381 526 382 530 383 533 383 537 382 508 353 512 352 516 353 520 355 516 356 511 355 542 357 546 355 551 355 556 357 551 359 546 359 521 393 524 392 527 390 530 392 533 391 538 393 544 396 538 400 534 402 530 402 527 401 524 399 523 394 527 394 530 395 533 394 541 396 533 396 530 396 527 395 
528 377 504 381 
511.91583 354.16397 546.0008 357.12912 

125 288 125 305 125 324 128 342 133 358 142 373 152 385 164 396 179 400 195 398 209 388 223 378 233 366 241 351 246 335 250 318 254 301 139 279 149 275 161 276 171 280 181 286 204 289 214 286 225 284 235 285 242 292 191 301 189 311 188 320 187 330 172 340 179 342 185 345 192 344 198 343 150 296 157 295 165 296 172 300 164 301 156 300 207 304 215 302 222 303 228 306 222 308 214 307 160 362 168 357 177 355 183 357 189 356 197 360 204 365 196 372 188 375 181 376 174 374 167 370 164 362 176 362 182 363 189 363 199 365 189 365 182 366 176 364 
187 330 187 324 
511.31464 353.99133 545.3396 356.9613 

498 351 499 361 500 371 504 381 508 390 513 399 519 406 524 413 531 416 539 416 549 411 558 404 566 396 573 386 576 375 579 362 580 350 501 342 505 340 510 340 516 342 521 345 535 346 542 344 549 343 556 344 563 347 528 355 528 362 528 369 527 377 522 381 525 382 528 383 532 383 536 382 507 353 511 352 516 352 520 355 515 356 511 355 541 357 545 355 550 355 555 357 550 359 545 359 520 394 523 392 526 390 529 391 532 390 537 393 542 396 537 400 532 402 529 402 526 401 523 399 522 394 526 394 529 394 532 394 540 396 532 396 529 396 526 395 
527 377 503 381 
510.68207 353.81494 544.6691 356.79575 

125 287 124 305 124 323 127 341 133 358 142 373 153 386 165 396 179 400 194 398 208 389 221 378 232 365 240 351 244 335 249 319 252 302 137 280 147 276 158 276 170 281 180 286 203 289 215 287 225 285 236 286 243 293 190 301 189 311 188 322 186 332 172 341 178 343 185 345 192 345 198 343 148 296 156 295 164 297 172 301 163 302 154 301 206 305 214 302 222 303 228 306 222 309 213 308 160 362 168 358 176 356 182 358 189 357 197 361 203 366 196 374 188 377 181 377 174 376 166 371 164 363 176 363 182 365 189 364 199 366 188 366 182 367 176 365 
186 332 186 328 
510.43857 353.60693 544.29407 356.78973 

498 351 499 361 501 371 504 380 508 389 512 398 518 406 524 413 531 416 539 416 549 411 558 404 566 396 573 386 576 375 579 362 580 350 501 342 505 339 510 340 516 342 521 345 534 346 541 344 549 343 556 344 563 347 528 355 528 362 527 369 527 376 522 380 525 382 528 383 531 383 535 382 507 352 511 352 516 352 519 355 515 356 510 355 541 358 545 355 550 355 555 357 550 359 545 359 519 393 523 391 526 390 528 391 532 390 537 393 542 396 537 400 532 402 528 402 525 401 522 398 521 394 526 393 528 394 532 394 540 396 532 396 528 396 526 395 
527 376 503 378 
510.19598 353.4034 543.88995 356.78296 

122 283 121 301 122 321 124 339 129 357 139 373 149 386 162 396 177 401 192 399 206 390 219 379 231 366 239 351 244 335 249 318 254 301 137 281 147 277 159 278 170 283 181 289 203 291 214 288 225 286 235 288 243 293 191 304 189 314 187 324 186 334 171 343 178 345 184 347 191 347 197 346 147 298 155 297 163 298 171 303 162 304 154 303 207 307 215 303 223 304 230 307 222 310 214 309 159 365 167 360 176 357 182 360 188 359 195 363 202 368 195 375 187 379 180 380 173 378 165 374 162 365 175 366 181 367 188 366 198 368 188 369 181 369 175 368 
186 334 188 330 
509.82794 353.32874 543.47675 357.1219 

498 349 498 359 501 370 503 380 507 389 512 398 517 406 523 413 529 416 538 416 547 411 556 405 565 396 571 387 575 375 578 363 580 350 500 342 504 339 510 340 515 342 520 345 534 346 541 344 548 343 555 345 562 348 528 355 527 362 527 369 526 376 521 380 524 382 527 383 531 383 534 382 507 352 511 352 515 352 519 355 514 356 510 355 540 358 544 356 549 356 554 357 549 359 545 359 519 393 522 391 525 389 527 391 531 390 536 393 541 396 536 401 531 403 527 403 524 402 521 399 521 394 525 393 527 394 531 394 538 396 531 397 527 397 525 395 
526 376 502 376 
509.47623 353.2545 543.07227 357.44043 

119 282 119 301 120 321 123 340 129 358 138 374 149 388 162 399 177 403 192 401 206 391 220 380 231 366 238 351 244 334 249 317 254 300 133 281 144 277 158 278 170 284 181 290 203 292 214 289 226 287 237 288 244 295 190 304 189 315 188 325 186 336 171 344 178 346 184 349 191 348 198 346 144 299 153 297 162 299 170 304 160 305 151 303 207 308 214 304 223 305 230 307 223 311 214 310 158 366 167 362 176 359 182 362 188 360 195 364 202 369 194 377 187 381 180 381 173 380 165 376 163 367 175 367 181 368 188 368 197 369 187 370 181 371 175 370 
186 336 190 334 
509.8571 353.25568 543.56964 357.44534 

499 350 500 360 502 370 504 380 507 389 512 398 518 406 523 413 530 416 539 416 548 411 557 404 565 396 572 386 576 375 578 363 580 350 501 342 505 339 510 340 516 342 521 345 535 346 542 344 549 343 556 345 563 348 528 355 528 362 527 369 526 376 521 380 524 382 528 383 531 383 535 382 507 352 511 352 516 352 519 355 515 356 510 355 541 358 545 355 550 356 555 357 550 359 545 359 519 393 522 391 525 389 528 391 531 390 536 393 542 396 537 401 531 403 528 403 525 401 522 398 521 394 525 393 528 394 531 394 539 396 531 396 528 396 525 395 
526 376 500 378 
510.2648 353.25922 544.0945 357.4605 

120 289 119 308 121 327 123 346 130 362 139 378 151 391 163 401 179 404 193 402 206 392 219 381 230 368 237 353 242 337 246 321 248 305 134 283 145 279 158 280 170 285 180 290 203 293 215 290 225 289 236 290 243 296 190 306 189 316 188 327 187 337 172 346 178 348 185 350 192 349 198 348 147 300 155 299 163 300 171 305 162 306 153 305 206 309 214 306 222 307 228 310 221 313 213 312 158 367 168 363 177 361 183 363 189 362 197 366 203 371 196 379 188 383 181 383 174 382 166 377 162 368 176 368 182 369 189 369 199 371 188 372 182 373 176 372 
187 337 197 333 
510.8076 353.20987 544.735 357.4375 

499 350 500 360 502 370 504 380 508 389 513 398 518 406 523 413 530 416 539 416 548 411 556 404 565 396 572 386 576 375 579 362 581 350 501 342 505 339 511 340 516 342 521 345 536 346 543 344 550 343 557 344 564 347 529 355 528 362 528 369 527 376 522 380 525 382 528 383 532 383 536 382 508 352 512 352 516 352 520 355 515 356 511 355 541 358 546 355 551 356 556 357 551 359 546 359 520 393 523 391 526 389 529 391 532 390 537 393 542 396 537 401 532 403 528 403 525 402 522 399 522 394 526 393 528 394 532 394 540 396 532 397 528 396 526 395 
527 376 503 378 
511.38153 353.16577 545.4005 357.4218 

118 288 117 307 118 328 122 347 129 365 139 381 151 394 164 404 179 407 193 404 206 394 219 382 230 369 237 354 241 339 245 322 247 306 135 285 146 282 159 283 171 288 182 294 205 296 215 293 226 291 236 291 243 297 192 308 191 319 190 330 188 341 173 349 179 351 186 353 193 352 199 351 147 303 155 302 163 303 171 308 162 308 154 307 207 311 214 308 222 310 228 312 222 314 214 313 158 370 168 366 178 364 184 366 190 365 197 368 204 373 197 381 189 385 182 386 175 385 166 380 162 371 177 372 183 372 190 372 200 373 190 374 183 375 177 374 
188 341 202 341 
511.79306 353.1422 545.9454 357.47058 

499 350 500 360 502 370 505 380 508 389 513 398 518 406 524 413 532 416 541 416 551 411 560 405 567 396 573 386 576 375 579 362 580 350 501 342 505 339 511 340 517 342 522 345 536 346 543 344 550 343 558 345 564 348 529 354 529 362 528 369 528 377 523 380 526 382 529 383 532 382 536 382 508 352 512 351 516 352 520 355 515 356 511 355 542 358 546 355 551 356 556 357 551 359 546 359 520 393 523 391 526 390 529 391 533 390 538 393 543 396 538 401 533 402 529 402 526 401 523 398 523 394 526 394 529 394 533 394 541 396 533 396 529 396 526 395 
528 377 506 381 
512.2376 353.12497 546.5017 357.5191 

499 349 499 359 502 369 504 379 508 389 512 397 518 405 523 413 530 416 538 416 548 411 556 404 565 396 572 386 576 374 579 362 580 350 501 342 505 339 511 340 517 342 522 345 536 346 543 344 551 343 558 345 564 348 529 355 529 362 528 369 528 377 522 380 525 382 529 383 532 383 536 382 508 352 512 352 516 352 520 355 516 356 511 355 542 357 546 355 551 356 556 357 551 359 546 359 520 393 523 391 526 389 529 391 532 390 537 393 542 396 538 400 533 402 529 402 526 401 523 398 522 394 526 393 529 394 532 394 540 396 532 396 529 396 526 395 
528 377 506 381 
512.1333 353.02426 546.4372 357.45227 

115 293 115 312 116 332 120 351 127 369 137 385 149 398 162 408 177 412 191 409 204 400 215 388 225 375 232 360 239 345 243 328 247 311 132 290 144 286 157 286 170 291 181 297 206 300 216 297 226 295 236 295 244 301 192 311 191 323 191 334 190 345 174 353 181 355 187 357 194 356 200 355 142 306 152 306 161 307 169 312 159 312 150 311 208 315 216 312 224 313 230 315 224 318 216 317 158 373 169 370 179 368 185 370 192 369 198 372 205 376 197 383 190 387 183 388 176 387 167 383 162 374 178 375 184 376 191 375 201 376 191 377 184 378 177 378 
190 345 212 347 
512.02435 352.9209 546.37177 357.38492 

107 303 107 322 108 342 112 361 118 379 130 394 144 407 160 416 177 419 192 415 203 405 214 393 223 380 230 366 234 351 238 336 241 321 131 301 144 296 160 296 174 302 186 309 208 311 218 307 228 304 238 303 244 309 196 322 195 334 195 345 195 357 176 363 184 366 191 368 198 366 203 364 142 318 153 318 162 319 171 322 161 324 152 323 207 325 217 323 225 323 231 324 225 327 216 327 158 381 171 379 182 378 187 380 194 378 200 381 207 383 199 390 192 395 185 396 178 395 169 391 163 382 181 385 187 386 193 385 203 384 193 384 186 386 180 385 
195 357 241 363 
512.2191 352.52682 546.7048 357.09232 

500 350 501 360 503 370 505 380 508 389 512 398 518 406 524 413 532 416 541 415 551 411 560 404 567 396 572 387 576 376 578 363 580 351 501 342 505 339 512 339 517 342 523 345 537 346 544 343 552 343 559 344 565 348 530 354 529 361 529 369 528 376 523 380 526 381 529 383 533 382 537 382 508 352 512 351 517 352 521 355 516 356 511 355 542 357 547 355 552 355 557 357 552 359 547 358 520 393 523 390 526 389 530 390 533 390 538 392 544 396 538 400 533 402 530 402 526 400 523 398 522 393 526 393 530 394 533 394 541 395 533 395 530 395 526 394 
528 376 506 380 
512.4004 352.13196 547.07153 356.78058 

108 305 108 324 110 344 115 363 124 381 136 396 150 409 165 419 181 420 195 416 205 405 214 393 223 379 229 366 234 351 238 337 240 321 134 307 147 302 162 303 175 308 188 315 211 317 220 313 230 309 239 307 245 312 197 328 197 340 197 351 197 362 178 368 186 371 193 373 199 371 205 369 145 325 155 323 165 323 173 328 164 329 154 329 209 329 218 326 226 326 232 328 226 331 218 331 162 386 174 385 185 383 190 385 196 383 202 385 208 387 200 394 194 399 187 400 181 400 172 396 166 387 184 389 189 390 195 389 204 388 194 389 188 390 183 390 
197 362 245 368 
512.96454 351.9841 547.6689 356.70935 

500 350 502 360 504 370 506 380 508 389 512 398 518 406 523 413 532 415 541 415 551 411 559 405 567 397 572 387 576 376 578 364 580 352 502 342 506 339 512 339 518 341 523 345 538 346 545 344 553 343 560 344 566 348 530 354 530 361 529 368 528 376 524 380 526 381 530 382 533 382 537 381 509 352 513 351 517 352 521 355 516 355 512 355 543 357 547 355 553 355 558 357 553 359 548 358 520 392 524 390 527 389 530 390 533 390 538 392 544 395 539 400 533 401 530 401 527 400 523 398 523 393 527 393 530 394 533 394 542 395 533 395 530 395 527 394 
528 376 504 380 
513.53925 351.84366 548.2961 356.63702 

501 349 502 360 504 369 506 379 508 388 512 397 517 405 523 412 532 415 541 415 551 411 560 405 567 397 573 387 576 376 579 364 581 351 502 342 507 339 513 339 518 341 524 345 538 346 545 344 553 343 560 345 566 349 531 354 530 361 530 369 529 376 524 380 527 381 530 382 534 382 538 381 509 352 513 351 518 352 522 355 517 355 512 355 544 357 548 355 553 356 558 357 553 359 548 359 521 393 524 390 527 389 531 390 534 389 539 392 544 396 539 400 534 401 530 401 527 400 524 397 523 393 527 393 530 394 534 394 542 395 534 395 531 395 527 394 
529 376 507 380 
514.09656 351.8515 548.8449 356.66708 

112 309 112 329 114 349 119 367 128 384 140 398 154 410 169 418 184 420 196 416 206 406 214 394 223 381 230 369 235 355 239 341 241 327 139 312 152 309 166 310 179 314 191 320 212 321 221 317 230 313 239 311 245 315 200 333 199 344 199 355 198 367 180 372 188 374 195 376 202 374 208 372 152 329 161 328 170 328 178 332 169 334 160 333 211 333 219 329 227 329 232 330 227 334 219 334 164 390 175 388 186 386 192 388 197 386 203 388 209 389 202 396 196 401 190 403 183 402 174 399 168 391 185 392 191 393 197 392 205 390 196 392 190 394 184 393 
198 367 244 375 
514.6253 351.8523 549.414 356.7033 

501 350 502 360 504 370 506 379 509 389 513 398 518 406 524 413 533 415 542 415 551 411 560 404 567 396 573 387 576 376 579 364 580 351 502 342 506 339 513 339 518 341 524 345 538 346 545 344 553 343 560 345 566 349 531 354 531 361 530 369 529 376 524 380 527 381 530 382 534 382 538 381 509 352 513 351 518 352 522 355 517 355 512 355 544 357 548 355 553 355 558 357 553 359 548 358 521 393 524 390 528 389 531 390 534 389 539 392 544 395 539 400 534 401 531 401 527 400 524 398 523 393 527 393 531 394 534 394 542 395 534 395 531 395 528 394 
529 376 507 380 
514.73804 351.77313 549.5767 356.63446 

109 309 109 329 109 350 112 370 121 389 133 404 147 418 163 427 179 428 193 423 201 412 211 399 220 386 227 372 232 358 236 344 239 330 139 315 153 311 167 313 180 318 192 324 212 324 221 320 230 316 238 314 244 318 201 336 200 347 199 358 198 369 181 375 188 377 195 379 201 377 206 374 151 334 161 332 170 332 177 335 168 337 160 337 211 336 219 333 226 332 231 334 226 337 219 337 162 391 174 390 186 389 191 391 197 389 202 390 207 391 200 398 194 403 188 404 182 404 172 400 166 392 185 395 191 395 196 394 204 393 195 393 190 394 184 394 
198 369 250 377 
514.85815 351.69345 549.73883 356.56677 

500 350 502 360 504 370 506 379 509 389 513 398 518 406 524 413 532 415 542 415 551 411 560 404 567 396 573 387 576 376 579 364 580 352 502 342 506 339 513 339 519 341 524 344 538 346 545 343 553 343 561 344 567 348 531 354 531 361 530 368 529 376 524 379 527 381 530 382 534 382 538 381 509 352 513 351 518 352 522 355 517 355 512 354 544 357 548 355 553 355 558 357 553 359 548 358 521 392 524 390 528 389 531 390 534 389 539 392 544 395 539 399 534 401 531 401 527 400 524 397 523 393 528 392 531 393 534 393 542 395 534 395 531 395 528 394 
529 376 507 380 
515.0065 351.6165 549.86865 356.5072 

103 316 104 338 105 360 109 380 118 399 133 413 149 423 166 429 181 428 192 421 200 410 209 398 218 386 224 374 229 361 232 348 234 334 134 318 148 313 163 314 176 318 189 324 212 326 220 322 228 318 235 316 239 320 198 337 198 348 199 358 199 369 180 376 187 377 194 379 200 378 205 375 148 336 158 334 167 334 174 337 166 339 157 338 206 339 214 335 221 334 226 336 222 339 214 339 160 393 174 391 185 389 191 391 196 390 199 391 203 392 197 398 192 402 187 403 181 403 171 401 164 393 184 395 190 395 195 394 200 393 194 394 189 395 183 395 
199 369 261 375 
515.1477 351.53598 550.00214 356.44852 

500 349 501 359 503 369 506 379 509 388 513 398 519 405 525 412 533 415 543 415 552 411 560 404 567 395 573 386 577 375 579 363 581 351 503 341 507 338 513 339 519 341 524 344 538 346 545 343 553 343 560 344 567 348 531 354 531 361 530 368 529 375 524 379 527 381 530 382 534 382 538 381 510 351 513 350 518 351 522 354 517 355 512 354 544 357 548 355 553 355 558 357 553 358 548 358 521 392 524 390 528 388 531 390 534 389 539 392 545 395 539 400 534 401 531 401 528 400 524 397 523 393 528 392 531 393 534 393 542 395 534 395 531 395 528 394 
529 375 507 377 
515.0921 351.38486 549.96906 356.33566 

104 319 105 339 107 360 111 379 120 396 134 409 149 418 166 423 181 423 193 418 201 408 209 397 215 385 219 372 221 359 224 347 225 333 133 319 147 315 161 315 175 319 187 324 208 326 216 322 223 319 230 317 235 321 195 337 196 349 197 359 198 370 178 375 185 377 193 380 199 378 204 375 147 336 156 334 165 334 172 338 164 339 155 338 203 339 211 336 218 335 222 336 218 339 211 340 159 393 172 391 183 390 189 391 194 389 199 390 202 392 198 398 193 402 187 404 180 404 170 401 163 393 183 395 189 395 194 394 199 392 193 394 188 396 182 396 
198 370 266 378 
515.037 351.22983 549.93604 356.21283 

500 348 501 359 504 369 506 379 509 388 513 397 519 405 525 412 533 414 543 414 552 410 561 404 568 395 573 385 577 375 580 363 582 351 503 341 507 338 513 338 519 340 525 344 539 345 546 343 554 342 561 344 568 348 531 353 531 360 530 367 530 375 524 379 527 380 531 381 534 381 538 380 510 351 514 350 518 351 522 354 517 354 513 353 544 356 548 354 553 355 559 356 553 358 549 357 521 392 524 389 528 388 531 389 534 388 539 391 545 395 540 399 535 400 531 400 527 399 524 396 523 392 527 392 531 392 534 392 542 394 535 394 531 394 528 393 
530 375 510 379 
515.4707 350.67972 550.37585 355.67758 

100 310 99 330 101 350 105 370 115 388 129 403 144 415 160 424 176 424 189 418 198 406 207 393 215 380 222 367 226 354 230 341 233 326 133 315 146 312 160 314 173 318 185 324 206 324 214 320 222 316 230 313 237 314 194 336 194 347 193 358 193 369 174 375 182 376 189 378 196 376 201 373 145 333 155 333 163 332 170 335 162 337 154 336 205 335 213 333 219 332 224 332 220 336 213 336 156 392 168 390 179 389 185 390 190 388 195 389 201 390 194 397 188 402 182 404 176 404 166 401 160 392 178 394 184 394 190 393 197 391 189 393 184 394 178 395 
193 369 251 377 
515.9178 350.16116 550.76184 355.1894 

501 349 503 359 505 369 507 379 510 388 514 397 520 405 526 411 534 414 543 414 553 410 561 404 568 395 573 386 577 375 580 364 582 351 503 341 508 337 514 338 519 340 525 343 539 345 546 342 554 342 561 344 568 347 532 353 531 360 531 367 530 374 525 378 528 380 531 381 535 381 538 380 510 350 514 350 519 350 523 353 518 354 513 353 545 356 549 354 554 355 559 356 554 358 549 357 522 391 525 389 528 387 531 389 535 388 539 391 545 394 540 398 535 400 531 400 528 399 524 396 524 392 528 391 531 392 535 392 542 394 535 394 531 394 528 393 
530 374 508 376 
516.2207 349.8207 551.1068 354.88086 

97 308 97 327 98 348 102 367 111 386 124 402 139 415 156 424 171 425 185 419 195 407 205 394 213 380 219 367 224 354 228 340 230 326 129 313 143 311 158 312 171 316 183 322 204 323 212 318 220 315 228 312 235 313 192 334 191 345 191 356 190 368 171 374 179 375 187 377 193 375 198 372 141 332 151 331 160 330 167 333 159 335 150 335 203 334 211 331 218 330 223 331 218 334 211 335 152 391 165 389 177 388 183 389 188 387 194 388 199 389 193 396 187 401 180 403 173 403 163 400 156 391 176 393 182 393 188 392 195 390 187 392 182 393 175 394 
190 368 246 378 
516.4988 349.5082 551.4521 354.60196 

502 348 503 358 505 368 507 377 509 387 514 396 519 404 526 411 534 413 544 413 553 409 561 403 568 395 574 386 577 375 580 364 582 352 504 341 508 337 514 338 520 340 526 343 540 344 547 342 555 342 562 344 569 348 533 352 532 359 531 366 531 374 525 378 528 379 531 381 535 380 539 380 511 350 515 350 519 350 523 353 518 354 514 353 545 356 550 354 554 354 559 356 554 357 550 357 522 391 525 388 528 387 532 388 535 388 540 390 546 394 540 398 535 399 532 399 528 398 525 396 524 391 528 391 532 392 535 392 543 394 535 393 532 393 528 392 
531 374 511 378 
517.1483 349.2114 552.0714 354.33896 

99 311 100 331 102 351 107 370 116 387 129 400 144 411 160 419 175 420 186 415 195 405 203 393 211 381 217 369 222 356 226 342 228 328 127 313 140 309 155 310 168 314 180 320 201 321 210 317 219 313 227 312 233 316 189 333 189 344 189 355 189 366 171 372 178 374 185 376 191 374 196 371 140 330 150 329 159 329 166 333 157 334 149 333 199 334 207 330 214 329 219 331 214 335 207 335 154 391 165 389 176 387 181 388 186 386 192 387 198 388 191 394 185 400 179 401 174 401 164 398 158 391 175 392 181 392 186 390 194 389 186 391 180 393 175 393 
189 366 241 372 
517.75525 348.87634 552.66565 354.0522 

502 348 503 358 505 368 507 378 510 387 514 396 520 404 527 411 535 413 544 413 554 409 562 403 569 395 574 385 578 375 581 363 582 351 504 340 509 337 515 337 521 340 526 343 541 344 548 342 555 341 563 343 569 348 533 352 532 359 532 366 531 374 526 378 529 379 532 380 536 380 540 379 511 350 515 349 520 350 524 353 519 353 514 353 546 356 550 354 555 354 560 356 555 357 550 357 522 391 526 388 529 387 532 388 536 387 541 390 546 394 541 398 536 400 532 399 529 398 525 396 525 391 529 391 532 392 536 391 544 393 536 393 533 393 529 392 
531 374 509 378 
518.38855 348.7451 553.3391 354.05423 

97 308 96 328 98 349 103 369 112 387 124 403 138 416 154 424 169 425 182 420 192 408 201 396 209 383 216 369 220 355 223 340 225 326 126 311 139 307 153 308 166 313 178 319 199 319 208 315 216 312 224 311 229 315 186 332 186 343 186 354 186 365 168 371 175 374 182 376 188 374 193 371 138 329 147 327 156 327 163 331 155 333 146 332 196 333 204 329 211 328 216 330 212 334 204 334 149 390 161 387 172 386 178 387 184 385 190 387 195 388 189 396 182 402 176 403 169 403 159 399 153 390 172 392 178 392 184 391 191 389 183 392 177 393 171 394 
186 365 240 371 
519.0038 348.61655 554.00085 354.056 

